x,y,residential_floor_area,TOT_P_2021
0,11,15,0.09
0,31,4,0
0,93,325,1.29
0,94,35,0.14
1,17,20,0.12
1,93,115,0.46
1,94,1070,4.23
1,95,193,0.76
1,121,15,0.09
1,122,1018,6.07
1,123,121,0.72
2,7,41,0.28
2,12,56,0.34
2,17,0,0
2,48,264,2.93
2,53,13,0.03
2,81,0,0
2,92,0,0
2,93,473,1.87
2,94,123,0.49
2,104,439,0.97
2,105,14,0.03
2,121,19,0.11
2,122,71,0.42
3,4,43,0.29
3,12,38,0.23
3,15,87,0.52
3,45,0,0
3,46,512,5.68
3,47,176,1.95
3,49,260,2.88
3,50,412,1.08
3,52,77,0.2
3,53,175,0.46
3,75,413,2.6
3,81,0,0
3,82,9,0.04
3,91,0,0
3,92,5,0.02
3,103,30,0.07
3,104,503,1.11
3,105,832,1.84
3,107,82,0.18
3,113,286,1.05
3,114,8,0.03
4,5,7,0.03
4,12,0,0
4,13,1294,4.18
4,15,106,0.34
4,46,0,0
4,47,634,2.45
4,49,5,0.02
4,50,530,0.76
4,76,254,1
4,81,0,0
4,82,0,0
4,105,37,0.21
4,116,0,0
5,4,67,0.25
5,5,45,0.17
5,6,645,2.39
5,12,202,0.65
5,13,1373,4.43
5,15,159,0.51
5,20,4,0
5,40,312,1.2
5,46,6,0.02
5,47,1486,5.74
5,48,374,1.44
5,49,288,1.11
5,53,10,0.01
5,75,3,0.01
5,76,583,2.3
5,77,365,1.44
5,80,622,4.95
5,81,308,2.45
5,91,14,0.05
5,92,499,1.84
5,93,5,0.02
5,94,33,0.12
5,115,0,0
5,116,215,0.73
5,118,337,1.14
5,119,0,0
5,121,389,1.7
5,125,0,0
5,126,0,0
6,4,107,0.4
6,7,6,0.02
6,12,426,1.38
6,13,237,0.77
6,14,0,0
6,15,596,1.92
6,40,394,1.52
6,41,15,0.06
6,42,5,0.02
6,43,568,2.19
6,44,1325,5.12
6,45,149,0.58
6,46,242,0.93
6,47,1926,7.44
6,48,740,2.86
6,49,402,1.55
6,50,410,0.59
6,66,5,0.03
6,69,93,0.56
6,71,236,0.93
6,74,39,0.15
6,75,272,1.07
6,76,1196,4.72
6,77,66,0.26
6,80,200,1.59
6,93,286,1.06
6,103,525,3.02
6,104,741,4.27
6,105,251,1.45
6,113,11,0.04
6,114,0,0
6,115,1,0
6,116,400,1.36
6,117,222,0.75
6,118,850,2.89
6,119,701,2.38
6,121,1,0
6,125,928,4.06
6,126,897,3.92
6,127,220,0.96
7,5,76,0.28
7,6,766,2.84
7,10,0,0
7,12,48,0.15
7,15,266,0.86
7,40,32,0.12
7,41,507,1.96
7,42,0,0
7,43,472,1.82
7,44,112,0.43
7,45,1684,6.5
7,46,680,2.63
7,48,350,1.35
7,49,156,0.6
7,50,15,0.02
7,68,2,0.01
7,69,283,1.69
7,70,397,1.57
7,72,265,1.05
7,73,777,3.07
7,74,17,0.07
7,75,590,2.33
7,76,360,1.42
7,77,431,1.7
7,79,245,0.97
7,113,194,0.66
7,114,0,0
7,116,94,0.32
7,117,599,2.03
7,120,396,1.73
7,121,1,0
7,124,439,1.92
7,125,819,3.58
7,126,141,0.62
7,127,351,1.53
8,7,117,0.43
8,8,14,0.05
8,10,26,0.08
8,12,279,0.9
8,13,74,0.24
8,14,204,0.66
8,15,413,1.33
8,16,15,0.05
8,41,5,0.02
8,48,27,0.1
8,49,421,1.63
8,57,7,0.01
8,68,0,0
8,69,287,1.71
8,70,503,1.98
8,71,249,0.98
8,74,0,0
8,75,1197,4.72
8,76,1125,4.44
8,77,0,0
8,113,19,0.06
8,114,253,0.86
8,119,282,0.96
8,120,10,0.04
8,124,0,0
8,125,296,1.29
8,127,644,2.82
9,2,14,0.05
9,5,4,0.01
9,8,55,0.2
9,9,321,1.19
9,10,471,1.52
9,11,319,1.03
9,12,567,1.83
9,13,1117,3.61
9,14,188,0.61
9,16,0,0
9,17,0,0
9,50,51,0.07
9,56,7,0.01
9,70,441,1.74
9,71,1663,6.56
9,74,21,0.08
9,75,2003,7.9
9,76,102,0.4
9,77,0,0
9,110,964,3.27
9,114,172,0.58
9,125,379,1.66
9,127,277,1.21
10,2,175,0.65
10,3,132,0.49
10,10,547,1.77
10,11,1231,3.97
10,12,189,0.61
10,13,48,0.15
10,34,2,0.01
10,35,281,1.36
10,41,7,0.03
10,50,860,1.24
10,71,61,0.24
10,74,390,1.54
10,75,1077,4.25
10,76,1,0
10,77,685,2.7
10,110,20,0.07
10,111,164,0.56
10,112,993,3.37
10,122,64,0.28
10,124,86,0.38
10,125,1099,4.8
10,126,836,3.66
10,127,471,2.06
11,0,204,0.76
11,1,378,1.4
11,2,114,0.42
11,3,502,1.86
11,4,152,0.56
11,10,868,2.8
11,11,1819,5.87
11,12,463,1.49
11,26,50,0.06
11,28,465,0.52
11,34,33,0.16
11,50,137,0.2
11,51,590,0.85
11,52,64,0.09
11,53,65,0.09
11,70,368,1.45
11,72,240,0.95
11,73,120,0.47
11,74,648,2.56
11,75,166,0.65
11,77,44,0.17
11,92,517,1.91
11,104,734,4.23
11,110,422,1.43
11,111,368,1.25
11,112,34,0.12
11,113,48,0.16
11,120,129,0.56
11,121,273,1.19
11,122,589,2.58
11,123,0,0
11,124,97,0.42
11,125,1057,4.62
11,126,172,0.75
11,127,8,0.03
12,3,0,0
12,4,144,0.53
12,5,1,0
12,6,2,0.01
12,9,87,0.32
12,11,17,0.05
12,12,60,0.19
12,13,6,0.02
12,20,11,0.01
12,25,91,0.1
12,27,219,0.24
12,28,685,0.76
12,29,278,0.31
12,31,74,0.36
12,33,171,0.83
12,34,432,2.09
12,52,20,0.03
12,70,189,0.75
12,71,615,2.43
12,72,344,1.36
12,73,341,1.35
12,74,337,1.33
12,100,0,0
12,102,0,0
12,103,427,2.46
12,104,1226,7.06
12,105,206,1.19
12,110,0,0
12,113,1,0
12,124,0,0
12,125,509,2.23
12,126,0,0
13,4,777,2.88
13,8,2,0.01
13,9,209,0.78
13,25,30,0.03
13,26,432,0.48
13,27,55,0.06
13,28,8,0.01
13,29,379,0.42
13,30,248,1.2
13,34,2,0.01
13,43,918,3.55
13,53,5,0.01
13,56,7,0.01
13,71,825,3.26
13,72,304,1.2
13,74,114,0.45
13,75,6,0.02
13,100,355,2.05
13,101,0,0
13,102,0,0
13,103,879,5.06
13,104,347,2
14,2,18,0.07
14,3,1482,6.11
14,4,19,0.08
14,5,137,0.56
14,6,232,0.96
14,24,1432,3.56
14,25,1491,3.7
14,26,792,1.97
14,27,245,0.61
14,29,302,0.75
14,30,179,0.64
14,31,3,0.01
14,56,9,0
14,71,686,3.32
14,74,46,0.22
14,102,82,0.37
14,103,552,2.52
14,104,0,0
14,106,378,1.72
14,107,365,1.66
14,108,79,0.36
14,109,240,1.09
14,116,108,0.39
14,117,1500,5.43
15,2,21,0.09
15,3,620,2.56
15,5,466,1.92
15,24,123,0.31
15,25,66,0.16
15,26,1,0
15,29,128,0.32
15,30,6,0.02
15,41,950,3.53
15,49,24,0.09
15,58,6,0
15,75,89,0.43
15,102,504,2.3
15,103,465,2.12
15,104,1139,5.19
15,105,1080,4.92
15,106,2670,12.17
15,107,1939,8.83
15,108,22,0.1
15,109,75,0.34
15,116,1306,4.72
15,117,282,1.02
15,118,648,2.34
15,119,266,0.96
15,120,142,0.38
16,5,182,0.75
16,6,142,0.59
16,26,30,0.07
16,42,886,3.29
16,83,1,0
16,101,829,3.78
16,102,377,1.72
16,103,1164,5.3
16,104,1229,5.6
16,105,428,1.95
16,106,2453,11.18
16,107,825,3.76
16,109,291,1.33
16,110,87,0.31
16,115,5,0.02
16,116,32,0.12
16,118,53,0.19
16,119,242,0.88
16,120,527,1.41
16,121,0,0
16,122,15,0.04
16,123,42,0.11
17,3,0,0
17,4,210,0.87
17,5,34,0.14
17,6,0,0
17,53,23,0
17,54,0,0
17,83,120,0.56
17,100,68,0.31
17,101,128,0.58
17,102,0,0
17,103,1002,4.57
17,104,713,3.25
17,105,524,2.39
17,110,443,1.6
17,120,231,0.62
17,121,283,0.76
17,122,752,2.01
17,123,777,2.08
17,124,256,0.68
17,125,306,0.82
18,3,28,0.12
18,4,290,1.2
18,16,7,0
18,23,8,0.02
18,53,1,0
18,54,100,0
18,89,169,0.79
18,100,894,4.07
18,101,238,1.08
18,102,466,2.12
18,103,1126,5.13
18,105,15,0.07
18,123,12,0.03
18,125,780,2.09
18,126,371,0.99
19,12,5,0
19,23,301,0.75
19,40,23,0.09
19,54,2,0
19,70,229,1.11
19,71,0,0
19,88,28,0.13
19,89,76,0.36
19,90,5,0.02
19,91,249,0.78
19,98,0,0
19,100,116,0.53
19,101,628,2.86
19,102,1,0
19,122,410,1.1
20,13,6,0
20,20,382,0.95
20,21,157,0.39
20,27,6,0.01
20,70,608,2.94
20,71,0,0
20,86,322,1.51
20,88,665,3.13
20,89,858,4.03
20,90,675,2.11
20,91,341,1.07
20,92,0,0
20,98,0,0
20,101,543,2.47
20,106,436,1.99
20,114,310,1.12
20,115,3,0.01
20,121,310,0.83
20,122,379,1.01
21,27,3,0.01
21,33,3,0.01
21,66,15,0.54
21,70,201,0.97
21,84,0,0
21,86,556,2.61
21,88,389,1.83
21,89,476,2.24
21,90,1105,3.46
21,91,866,2.71
21,92,2031,6.35
21,93,586,1.83
21,94,175,0.55
21,95,3,0.01
21,100,56,0.26
21,106,7,0.03
21,112,23,0.08
21,113,62,0.22
21,114,216,0.78
21,115,805,2.91
21,121,11,0.03
21,123,226,0.6
22,31,16,0.06
22,38,56,0.2
22,39,7,0.02
22,66,97,3.46
22,82,200,0.94
22,83,406,1.91
22,84,49,0.23
22,87,62,0.29
22,88,514,2.42
22,89,1,0
22,92,0,0
22,94,370,1.16
22,95,627,1.96
22,101,0,0
22,113,175,0.63
22,114,594,2.15
22,117,319,1.15
22,118,262,0.95
22,124,153,0.41
22,125,228,0.61
23,16,323,0
23,17,32,0
23,24,71,0.18
23,25,499,1.24
23,37,246,0.88
23,38,326,1.16
23,54,127,0
23,64,0,0
23,65,0,0
23,88,0,0
23,100,368,1.68
23,101,255,1.16
23,102,689,3.14
23,118,0,0
23,124,159,0.43
23,125,733,1.96
24,25,467,1.36
24,26,20,0.06
24,88,69,0
24,100,56,0
24,102,336,0
24,113,639,1.78
24,114,11,0.03
25,24,585,1.7
25,25,415,1.21
25,26,607,1.76
25,83,8,0
25,96,11,0.07
25,97,188,1.27
25,111,699,1.95
25,112,30,0.08
25,113,401,1.12
25,114,203,0.57
25,115,399,1.11
25,117,257,0.72
25,118,24,0.07
25,125,0,0
25,126,42,0.11
26,20,2,0.01
26,24,92,0.27
26,25,2549,7.41
26,26,370,1.07
26,33,94,0.66
26,34,3,0.02
26,84,1,0
26,85,8,0
26,96,31,0.21
26,97,247,1.67
26,99,49,0.33
26,100,0,0
26,113,192,0.54
26,114,219,0.61
26,126,253,0.63
27,4,35,0.08
27,5,155,0.36
27,24,269,0.78
27,25,165,0.48
27,26,1205,3.5
27,27,824,2.39
27,28,138,0.4
27,119,0,0
28,21,14,0.04
28,25,1819,5.28
28,26,1495,4.34
28,27,96,0.28
28,28,20,0.06
28,119,244,0.68
29,10,3,0.01
29,13,3,0.01
29,27,0,0
29,28,0,0
29,30,0,0
29,31,349,2.45
29,116,177,0.49
29,118,490,1.37
29,119,22,0.06
29,120,0,0
30,7,275,0.64
30,8,1487,3.45
30,9,683,1.58
30,10,209,0.95
30,23,33,0.1
30,30,0,0
30,31,0,0
30,84,5,0
30,116,260,0.73
30,118,372,1.04
30,119,618,1.72
30,121,1,0
31,7,1064,2.47
31,8,45,0.1
31,9,103,0.24
31,13,5,0.02
31,23,96,0.28
31,24,0,0
31,28,86,0.25
31,29,147,0.43
31,30,157,1.1
31,31,462,3.24
31,84,4,0
31,93,328,2.22
31,116,692,1.93
31,117,363,1.01
31,118,3,0.01
31,119,688,1.92
31,120,455,1.14
31,121,0,0
32,0,511,1.19
32,7,336,0.78
32,8,431,1
32,13,1,0
32,21,922,2.68
32,22,211,0.61
32,23,13,0.04
32,24,1716,4.99
32,26,389,1.13
32,27,43,0.12
32,28,612,1.78
32,29,835,2.43
32,30,54,0.38
32,31,611,4.28
32,93,393,2.66
32,94,349,2.36
32,95,3,0.02
32,112,31,0.09
32,113,22,0.06
32,117,235,0.66
32,119,680,1.9
32,120,969,2.43
32,121,0,0
32,122,238,0.6
32,126,288,0.72
33,2,100,0.23
33,3,474,1.1
33,7,229,0.53
33,8,804,1.87
33,9,165,0.38
33,21,150,0.44
33,22,5,0.01
33,24,980,2.85
33,28,105,0.31
33,29,404,1.17
33,30,66,0.46
33,34,4,0.03
33,37,54,0.38
33,65,256,0
33,66,126,0
33,93,175,1.18
33,112,3,0.01
33,113,3,0.01
33,118,42,0.12
33,119,228,0.64
33,126,26,0.07
34,1,235,1.1
34,8,1,0
34,9,19,0.09
34,12,21,0.02
34,19,81,0.06
34,20,1384,2.87
34,21,1965,4.07
34,22,490,1.02
34,28,0,0
34,29,4,0.01
34,36,6,0
34,37,343,0
34,39,0,0
34,80,93,0.42
34,93,199,0.65
34,94,761,2.47
34,95,328,1.06
34,96,0,0
34,97,0,0
34,109,5,0.04
34,111,11,0.03
34,119,28,0.08
34,120,579,2.11
34,126,87,0.32
35,3,507,2.37
35,4,243,1.14
35,5,76,0.36
35,6,52,0.24
35,7,80,0.37
35,9,20,0.09
35,15,20,0.01
35,19,180,0.13
35,20,504,1.04
35,21,37,0.08
35,63,7,0.18
35,79,9,0.02
35,80,576,2.58
35,92,534,1.73
35,93,1225,3.98
35,94,449,1.46
35,95,1092,3.54
35,108,4,0.03
35,114,4,0.01
35,119,147,0.43
35,120,117,0.43
35,126,87,0.32
36,5,238,1.11
36,6,1165,5.45
36,7,149,0.7
36,20,455,0.94
36,21,0,0
36,36,0,0
36,37,123,0
36,38,0,0
36,52,13,0.06
36,79,100,0.22
36,80,277,1.24
36,81,0,0
36,87,6,0.03
36,92,151,0.49
36,93,522,1.69
36,95,35,0.11
36,96,162,0.53
36,107,45,0.33
36,112,76,0.22
36,120,596,2.17
36,123,7,0.03
36,126,4,0.01
36,127,2,0.01
37,5,21,0.1
37,6,166,0.78
37,7,555,2.6
37,8,49,0.23
37,28,9,0.02
37,37,0,0
37,52,16,0.07
37,65,8,0.21
37,70,15,0.03
37,78,109,0.24
37,79,641,1.43
37,80,523,2.35
37,81,31,0.14
37,93,309,1
37,95,0,0
37,96,76,0.25
37,104,6,0.04
37,117,2,0.01
37,124,4,0.01
38,6,581,2.72
38,7,185,0.87
38,58,5,0.02
38,105,553,4.11
38,123,21,0.08
38,124,3,0.01
39,52,7,0.03
39,53,11,0.05
39,54,242,1.03
39,55,18,0.08
39,68,1,0.03
39,69,94,2.43
39,117,21,0.06
39,118,8,0.02
39,120,0,0
39,121,165,0.6
39,123,16,0.06
39,125,148,0.54
39,126,221,0.8
39,127,786,2.86
40,2,624,2.92
40,6,13,0.06
40,11,26,0.02
40,26,49,0.1
40,27,38,0.08
40,50,8,0.03
40,51,318,1.35
40,52,13,0.06
40,54,16,0.07
40,55,0,0
40,56,2,0.01
40,57,5,0.02
40,68,6,0.16
40,95,4,0.01
40,98,6,0.02
40,99,0,0
40,103,202,1.5
40,104,25,0.19
40,117,0,0
40,118,1226,3.55
40,119,54,0.16
40,121,221,0.8
40,122,162,0.59
40,123,716,2.6
40,125,204,0.74
41,0,1004,4.7
41,1,178,0.83
41,2,613,2.87
41,7,5,0.02
41,10,177,0.13
41,11,830,0.62
41,26,244,0.51
41,27,130,0.27
41,49,139,0.48
41,50,540,2.29
41,51,643,2.73
41,52,2,0.01
41,54,0,0
41,74,75,0.17
41,110,255,0.74
41,111,857,2.48
41,112,601,1.74
41,113,0,0
41,114,189,0.55
41,117,86,0.25
41,118,1255,3.64
41,122,882,3.21
41,123,587,2.13
41,124,352,1.28
41,125,19,0.07
42,0,483,2.26
42,37,0,0
42,49,0,0
42,50,85,0.36
42,51,353,1.5
42,52,255,1.08
42,72,135,0.3
42,73,0,0
42,74,36,0.08
42,75,0,0
42,109,506,3.76
42,110,408,1.18
42,111,1784,5.17
42,112,1100,3.19
42,113,1053,3.05
42,114,742,2.15
42,117,0,0
42,118,15,0.04
42,119,403,1.17
42,120,199,0.72
42,121,331,1.2
42,122,673,2.45
42,123,220,0.8
43,34,203,0
43,35,319,0
43,37,0,0
43,49,730,2.52
43,50,543,2.3
43,53,38,0.16
43,54,166,0.7
43,55,0,0
43,73,810,1.8
43,74,994,2.21
43,76,18,0.04
43,77,210,0.47
43,78,896,1.99
43,80,277,1.24
43,110,235,0.68
43,111,1266,3.67
43,112,311,0.9
43,113,98,0.28
43,114,173,0.5
43,118,13,0.04
43,120,464,1.69
43,122,40,0.15
43,123,70,0.25
43,125,27,0.1
43,127,171,0.62
44,33,0,0
44,47,370,1.96
44,48,533,2.83
44,49,297,1.58
44,52,148,0.67
44,53,642,2.93
44,54,1,0
44,55,39,0.18
44,70,0,0
44,71,0,0
44,74,314,0.64
44,75,1381,2.82
44,76,582,1.19
44,77,892,1.82
44,78,341,0.7
44,80,0,0
44,105,56,0.29
44,106,366,1.88
44,111,251,1.23
44,112,387,1.9
44,113,414,2.03
44,114,266,1.31
44,115,11,0.05
44,116,5,0.02
44,118,14,0.07
44,119,2,0.01
44,120,556,1.56
44,121,1750,4.91
44,122,2865,8.04
44,123,1393,3.91
44,124,630,1.77
44,125,97,0.27
45,33,0,0
45,34,992,3.4
45,35,540,1.85
45,36,216,0.74
45,41,14,0.07
45,45,0,0
45,46,55,0.29
45,47,751,3.99
45,48,53,0.28
45,52,17,0.08
45,53,255,1.16
45,54,752,3.43
45,55,529,2.41
45,58,645,2.94
45,70,0,0
45,71,0,0
45,73,605,1.23
45,74,360,0.73
45,75,469,0.96
45,76,528,1.08
45,77,772,1.58
45,78,324,0.66
45,103,0,0
45,104,0,0
45,105,451,2.32
45,106,68,0.35
45,107,0,0
45,109,52,0.27
45,112,25,0.12
45,118,1,0
45,119,765,3.76
45,120,2106,5.91
45,121,3943,11.07
45,122,426,1.2
45,125,4,0.01
46,34,86,0.29
46,35,267,0.92
46,41,0,0
46,52,380,1.73
46,53,57,0.26
46,63,441,2.24
46,71,683,1.39
46,72,750,1.53
46,73,457,0.93
46,74,32,0.07
46,75,4,0.01
46,76,467,0.95
46,77,199,0.41
46,101,340,1.75
46,102,58,0.3
46,103,110,0.57
46,104,751,3.87
46,105,314,1.62
46,106,161,0.83
46,107,0,0
46,114,76,0.37
46,116,715,3.51
46,117,0,0
46,118,0,0
46,119,822,4.04
46,120,722,2.03
46,121,4163,11.69
46,122,8,0.02
46,123,40,0.11
47,34,490,1.68
47,55,296,1.35
47,56,69,0.31
47,57,447,2.04
47,62,43,0.22
47,63,322,1.63
47,71,531,1.08
47,72,64,0.13
47,75,46,0.09
47,97,302,1.33
47,101,347,1.79
47,102,364,1.87
47,103,512,2.64
47,108,0,0
47,113,840,4.13
47,114,142,0.7
47,116,359,1.76
47,118,2,0.01
47,121,761,2.14
47,122,289,0.81
48,0,186,1.13
48,31,18,0.06
48,34,15,0.05
48,56,553,2.52
48,57,623,2.84
48,62,5,0.03
48,63,111,0.56
48,97,163,0.72
48,98,10,0.04
48,100,321,1.65
48,101,147,0.76
48,102,24,0.12
48,108,162,0.83
48,115,5,0.02
48,116,48,0.24
48,117,2,0.01
48,118,2,0.01
48,120,0,0
48,121,12,0.03
48,125,483,1.36
48,126,477,1.34
49,0,14,0.09
49,3,33,0.2
49,17,10,0.04
49,18,680,2.8
49,20,145,0.81
49,21,277,1.54
49,56,226,1.03
49,57,243,1.11
49,61,81,0.41
49,62,659,3.34
49,63,197,1
49,64,341,1.73
49,65,278,1.41
49,86,232,2.61
49,91,7,0.03
49,95,349,1.54
49,96,33,0.15
49,97,251,1.11
49,98,813,3.58
49,99,560,2.47
49,105,48,0.25
49,111,25,0.12
49,113,2,0.01
49,117,2,0.01
49,120,68,0.19
50,0,91,0.55
50,18,39,0.16
50,19,873,3.6
50,20,929,5.16
50,21,344,1.91
50,25,4,0.02
50,63,609,3.09
50,64,255,1.29
50,86,48,0.54
50,91,692,3.05
50,92,797,3.51
50,95,177,0.78
50,96,8,0.04
50,97,494,2.18
50,98,212,0.93
50,111,56,0.28
50,113,7,0.03
50,115,3,0.01
50,116,3,0.01
50,119,0,0
50,120,3,0.01
51,19,108,0.44
51,20,671,3.73
51,22,201,1.12
51,61,2,0.01
51,62,586,2.97
51,63,21,0.11
51,86,106,1.19
51,88,33,0.37
51,89,293,3.29
51,90,605,2.66
51,91,914,4.03
51,92,1100,4.84
51,93,22,0.1
51,94,619,2.73
51,95,1224,5.39
51,96,674,2.97
51,101,169,0.87
51,113,1,0
51,122,3,0.01
51,127,16,0.04
52,20,449,2.49
52,22,105,0.58
52,25,2,0.01
52,26,9,0.05
52,60,716,3.63
52,61,265,1.34
52,87,17,0.19
52,88,338,3.8
52,89,176,1.98
52,90,712,3.14
52,91,15,0.07
52,92,547,2.41
52,93,467,2.06
52,94,619,2.73
52,99,552,2.43
52,101,812,4.18
52,113,7,0.03
52,114,0,0
52,120,4,0.01
52,121,2,0.01
52,122,4,0.01
53,1,4,0.02
53,17,147,0.61
53,18,85,0.35
53,20,317,1.76
53,21,328,1.82
53,22,0,0
53,88,356,4
53,89,625,7.03
53,90,296,1.3
53,91,657,2.89
53,92,389,1.71
53,93,67,0.3
53,94,121,0.53
53,96,224,0.99
53,97,294,1.29
53,111,8,0.04
53,114,6,0.03
53,116,733,3.6
53,117,1024,5.03
53,118,88,0.43
53,119,4,0.02
53,120,5,0.01
54,0,2,0
54,1,3,0
54,17,145,0.37
54,18,40,0.1
54,19,677,1.73
54,20,2248,4.59
54,21,107,0.22
54,87,137,0.6
54,90,328,1.65
54,91,570,2.87
54,93,69,0.35
54,95,162,0.82
54,96,264,1.33
54,97,137,0.69
54,116,0,0
54,117,1537,2.65
54,118,0,0
54,125,12,0.02
55,0,2,0
55,19,596,1.52
55,20,93,0.19
55,41,4,0
55,87,309,1.35
55,88,149,0.65
55,90,0,0
55,91,0,0
55,92,650,3.28
55,93,79,0.4
55,110,15,0.03
56,18,347,0.89
56,19,523,1.34
56,90,12,0.06
56,91,522,2.63
56,92,283,1.43
56,108,26,0.11
56,110,505,0.87
56,111,291,0.5
57,85,54,0.24
57,86,324,1.42
57,90,532,2.68
57,91,484,2.44
57,98,60,0.3
57,107,531,2.16
57,108,134,0.55
57,109,449,1.83
58,38,9,0.04
58,52,7,0
58,85,177,0.77
58,86,22,0.1
58,88,362,1.58
58,89,324,1.42
58,90,1246,6.28
58,125,147,0.27
58,127,31,0.06
59,37,0,0
59,49,4,0
59,50,8,0
59,86,226,0.99
59,87,1489,6.52
59,88,2779,12.17
59,89,1040,4.55
59,90,114,0.57
59,91,19,0.1
59,92,7,0.04
59,124,0,0
60,4,528,0.78
60,5,287,0.42
60,6,568,0.84
60,35,730,3.23
60,36,40,0.18
60,37,97,0.43
60,38,0,0
60,40,61,0
60,43,3,0
60,75,421,0.77
60,77,539,0.98
60,84,12,0.05
60,85,0,0
60,86,2062,9.03
60,87,4175,18.28
60,88,1497,6.55
60,89,279,1.22
60,90,20,0.1
60,92,8,0.04
60,93,26,0.13
60,116,14,0.02
60,123,0,0
61,4,694,1.02
61,5,163,0.24
61,6,2308,3.4
61,7,1823,2.69
61,8,987,1.46
61,9,662,0.98
61,10,1,0
61,28,142,0.29
61,29,95,0.19
61,32,2,0.01
61,36,9,0.04
61,37,0,0
61,38,46,0.2
61,39,210,0.93
61,48,2,0
61,55,4,0
61,65,234,1.06
61,66,146,0.66
61,75,920,1.68
61,76,1101,2.01
61,77,709,1.29
61,84,0,0
61,85,233,1.02
61,86,4423,19.36
61,87,4425,19.37
61,88,1490,6.52
61,89,918,4.02
61,90,5,0.03
61,92,99,0.5
61,97,98,0.49
61,98,14,0.07
61,109,26,0.11
61,110,333,0.57
61,113,564,0.97
61,114,28,0.05
61,115,24,0.04
61,116,16,0.03
61,122,0,0
61,123,454,0.83
61,125,1268,2.32
62,4,24,0.04
62,5,254,0.37
62,7,528,0.78
62,8,70,0.1
62,9,396,0.58
62,10,512,1.31
62,11,1197,3.06
62,12,262,0.67
62,29,1231,2.51
62,37,724,3.21
62,38,1747,7.74
62,39,74,0.33
62,55,118,0
62,56,38,0
62,63,7,0.03
62,64,373,1.68
62,65,192,0.87
62,66,35,0.16
62,72,34,0.06
62,73,155,0.28
62,74,1,0
62,75,422,0.77
62,76,216,0.39
62,77,107,0.2
62,83,0,0
62,84,0,0
62,85,846,3.7
62,86,5951,26.05
62,87,145,0.63
62,88,29,0.13
62,89,2,0.01
62,92,0,0
62,93,0,0
62,94,0,0
62,95,5,0.03
62,96,4,0.02
62,97,206,1.04
62,98,307,1.55
62,109,272,1.11
62,110,110,0.19
62,125,322,0.59
62,126,34,0.06
63,1,21,0.03
63,7,158,0.23
63,8,12,0.02
63,10,0,0
63,11,3,0.01
63,15,0,0
63,16,0,0
63,17,5,0.01
63,31,274,1.21
63,33,707,3.13
63,35,94,0.42
63,36,0,0
63,37,326,1.44
63,38,516,2.29
63,39,265,1.17
63,55,15,0
63,56,73,0
63,62,605,2.73
63,63,426,1.92
63,64,851,3.84
63,65,11,0.05
63,74,38,0.07
63,75,273,0.5
63,80,2,0.01
63,83,0,0
63,84,133,0.58
63,85,2346,10.27
63,86,2265,9.92
63,87,183,0.8
63,88,1843,8.07
63,89,465,2.04
63,90,254,1.28
63,91,524,2.64
63,92,428,2.16
63,100,24,0.1
63,105,0,0
63,106,0,0
63,109,256,1.04
63,110,134,0.23
63,114,482,0.83
63,116,28,0.05
63,117,1133,1.96
64,19,7,0.02
64,22,8,0.02
64,27,100,0.3
64,31,47,0.19
64,32,249,0.99
64,33,1044,4.16
64,34,592,2.36
64,35,483,1.92
64,36,942,3.75
64,37,1840,7.33
64,38,426,1.7
64,39,50,0.2
64,50,4,0.02
64,56,554,2.84
64,60,714,3.58
64,61,551,2.76
64,62,585,2.93
64,63,1388,6.96
64,64,375,1.88
64,75,92,0.38
64,78,376,1.54
64,79,268,1.1
64,80,404,2.67
64,83,34,0.22
64,84,723,4.78
64,85,1018,6.73
64,86,425,2.81
64,87,38,0.25
64,88,50,0.33
64,89,127,0.84
64,98,1,0
64,99,1649,5.26
64,104,307,0.63
64,105,26,0.05
64,106,73,0.15
64,107,412,0.85
64,111,606,1.95
64,116,37,0.12
64,117,453,1.46
65,0,16,0.06
65,30,380,1.51
65,31,106,0.42
65,32,1817,7.24
65,33,567,2.26
65,34,1230,4.9
65,35,425,1.69
65,36,2548,10.15
65,37,880,3.51
65,46,13,0
65,49,6,0
65,55,137,0.7
65,61,352,1.76
65,62,485,2.43
65,75,465,1.91
65,78,880,3.61
65,79,0,0
65,82,1151,7.61
65,83,600,3.97
65,84,494,3.27
65,85,3,0.02
65,87,146,0.97
65,88,24,0.16
65,99,1122,3.58
65,100,211,0.43
65,105,15,0.03
65,106,122,0.25
65,107,950,1.95
65,114,1106,3.55
65,115,73,0.23
65,116,307,0.99
65,117,43,0.14
66,0,103,0.37
66,1,360,1.28
66,2,15,0.05
66,7,71,0.25
66,33,471,1.88
66,34,775,3.09
66,35,372,1.48
66,36,3982,15.87
66,37,1925,7.67
66,46,11,0
66,47,3,0
66,55,635,3.26
66,56,29,0.15
66,61,1103,5.53
66,62,34,0.17
66,81,273,1.8
66,82,8,0.05
66,89,45,0.3
66,100,219,0.45
66,101,293,0.6
66,115,253,0.81
66,116,193,0.62
67,0,300,1.07
67,1,576,2.05
67,2,44,0.16
67,7,88,0.31
67,27,70,0.21
67,28,396,1.17
67,30,229,0.91
67,31,903,3.6
67,34,772,3.08
67,35,2277,9.07
67,36,2491,9.93
67,37,473,1.88
67,40,5,0
67,47,24,0
67,54,233,1.2
67,56,782,4.01
67,57,22,0.11
67,58,48,0.25
67,61,870,4.36
67,62,34,0.17
67,89,0,0
67,114,178,0.57
67,116,452,1.45
67,117,453,1.46
67,118,229,0.74
67,119,43,0.14
68,0,23,0.08
68,1,0,0
68,8,92,0.33
68,9,161,0.57
68,23,0,0
68,30,848,3.38
68,31,2,0.01
68,33,0,0
68,34,9,0.04
68,35,6,0.02
68,36,31,0.12
68,41,82,0
68,43,3,0
68,46,1,0
68,47,21,0
68,57,12,0.06
68,58,667,3.42
68,60,333,1.67
68,61,62,0.31
68,62,204,1.02
68,66,8,0.04
68,79,599,2.45
68,80,599,3.96
68,92,19,0.06
68,115,975,3.13
68,116,27,0.09
68,117,164,0.53
68,118,106,0.34
68,119,520,1.67
68,120,680,2.74
68,121,283,1.14
68,122,480,1.94
68,123,453,1.83
69,0,59,0.21
69,2,2,0.01
69,3,54,0.19
69,16,402,1.15
69,17,932,2.68
69,18,0,0
69,19,923,2.65
69,20,122,0.36
69,22,498,1.47
69,23,19,0.06
69,25,489,1.44
69,26,25,0.07
69,29,429,1.27
69,30,116,0.46
69,31,676,2.69
69,37,1,0
69,38,3,0.01
69,47,3,0
69,58,0,0
69,59,267,1.37
69,60,254,1.27
69,61,2,0.01
69,73,505,2.07
69,75,110,0.45
69,76,607,2.49
69,80,54,0.36
69,81,0,0
69,120,7,0.03
69,121,851,3.43
69,122,1888,7.62
69,123,395,1.59
69,124,11,0.04
70,16,642,1.84
70,17,13,0.04
70,25,0,0
70,26,0,0
70,29,804,2.37
70,31,320,1.28
70,45,3,0
70,47,0,0
70,57,503,2.58
70,74,153,0.63
70,81,12,0.08
70,88,1297,8.57
70,89,61,0.4
70,94,290,0.92
70,124,290,1.17
71,12,182,0.52
71,15,394,1.13
71,17,47,0.13
71,18,125,0.36
71,23,8,0.02
71,26,19,0.06
71,29,308,0.91
71,31,828,3.3
71,33,3,0.01
71,37,5,0.02
71,50,4,0.02
71,51,438,2.25
71,57,1111,5.7
71,61,0,0
71,62,13,0.07
71,79,211,0.86
71,86,0,0
71,87,654,4.32
71,88,589,3.89
71,89,129,0.85
71,99,34,0.11
71,107,148,0.3
71,108,628,1.29
71,122,25,0.1
71,123,2,0.01
71,124,1649,6.66
71,125,1075,4.34
71,126,395,1.59
72,11,5,0.01
72,14,694,1.99
72,17,301,0.86
72,18,186,0.53
72,19,8,0.02
72,28,395,1.17
72,29,941,2.78
72,30,22,0.09
72,31,171,0.68
72,56,73,0.37
72,57,518,2.66
72,62,213,1.07
72,73,2,0.01
72,74,4,0.02
72,86,0,0
72,87,358,2.37
72,89,209,1.38
72,90,110,0.35
72,91,183,0.58
72,125,586,2.37
72,126,0,0
73,14,784,2.25
73,15,3260,9.36
73,16,1196,3.43
73,23,115,0.34
73,24,0,0
73,26,174,0.51
73,28,1156,3.41
73,29,23,0.07
73,30,24,0.1
73,33,7,0.03
73,57,6,0.03
73,71,515,2.11
73,79,93,0.38
73,80,6,0.04
73,90,369,1.18
73,91,662,2.11
73,92,266,0.85
73,110,630,2.02
73,112,359,1.15
73,113,77,0.25
73,115,188,0.6
73,125,13,0.05
74,15,1704,1.59
74,16,2257,2.11
74,17,1267,1.19
74,18,400,0.37
74,20,5,0.03
74,25,6,0.03
74,26,73,0.42
74,28,746,4.25
74,32,4,0.02
74,34,4,0.02
74,49,10,0.06
74,50,101,0.73
74,62,4,0.02
74,67,132,0.58
74,68,235,1.04
74,69,706,3.11
74,71,1,0
74,79,54,0.16
74,81,194,0.78
74,90,27,0.11
74,91,10,0.04
74,109,11,0.01
74,110,254,0.51
74,115,274,0.55
74,116,201,0.41
74,127,28,0.19
75,14,7,0.01
75,15,1530,1.43
75,16,307,0.29
75,21,1983,11.29
75,25,95,0.54
75,26,0,0
75,27,96,0.55
75,35,5,0.03
75,49,221,1.39
75,50,41,0.3
75,51,16,0.12
75,57,605,4.36
75,66,396,1.75
75,67,704,3.1
75,68,286,1.26
75,81,9,0.04
75,92,20,0.08
75,93,577,2.43
75,101,275,0.31
76,16,1,0
76,17,2,0
76,21,2,0.01
76,22,1,0.01
76,26,84,0.48
76,27,988,5.62
76,31,4,0.02
76,40,31,0.19
76,41,626,3.93
76,51,36,0.26
76,53,1,0.01
76,54,468,3.37
76,55,760,5.48
76,56,363,2.62
76,57,554,3.99
76,64,234,1.03
76,67,111,0.49
76,81,43,0.17
76,89,11,0.04
76,92,211,0.89
76,93,7,0.03
76,101,30,0.03
76,109,11,0.01
77,16,2,0
77,26,326,1.86
77,27,95,0.54
77,31,14,0.08
77,53,12,0.09
77,55,405,2.92
77,56,414,2.98
77,57,352,2.54
77,81,247,1
77,82,38,0.15
77,89,350,1.41
78,17,1,0
78,49,1477,9.27
78,50,232,1.67
78,52,323,2.33
78,53,574,4.14
78,54,444,3.2
78,58,71,0.51
78,59,98,0.71
78,63,593,2.61
78,64,92,0.41
78,81,765,3.09
78,109,1397,1.58
79,30,1462,8.66
79,42,3,0.02
79,47,852,5.35
79,48,531,3.33
79,49,1588,9.97
79,51,698,5.03
79,52,526,3.79
79,53,0,0
79,56,235,1.69
79,57,512,3.69
79,58,64,0.46
79,62,11,0.05
79,63,79,0.35
79,64,38,0.17
79,66,18,0.08
79,72,605,1.83
79,82,48,0.19
79,83,99,0.4
79,89,30,0.12
79,109,39,0.04
79,110,181,0.37
79,121,102,0.7
79,122,565,3.87
80,29,247,1.41
80,30,832,4.93
80,31,3,0.02
80,44,4,0.03
80,45,10,0.06
80,47,726,4.56
80,48,521,3.27
80,49,189,1.19
80,51,311,2.24
80,52,110,0.79
80,53,3,0.02
80,57,9,0.06
80,58,37,0.27
80,62,46,0.2
80,63,125,0.55
80,65,203,0.9
80,82,328,1.32
80,84,34,0.14
80,85,10,0.04
80,86,102,0.41
80,87,21,0.08
80,91,107,0.45
80,110,81,0.16
80,121,17,0.12
80,122,284,1.95
81,27,508,2.89
81,28,1109,6.31
81,29,224,1.27
81,30,1123,6.65
81,40,0,0
81,41,195,1.22
81,42,173,1.09
81,43,989,6.21
81,44,86,0.54
81,45,523,3.28
81,47,893,5.6
81,48,462,2.9
81,49,653,4.1
81,50,1256,9.05
81,51,48,0.35
81,52,803,5.79
81,53,97,0.7
81,64,523,2.31
81,65,263,1.16
81,66,279,1.23
81,80,198,0.8
81,82,341,1.38
81,84,1087,4.39
81,85,305,1.23
81,86,959,3.87
81,89,13,0.05
81,90,38,0.16
81,91,1468,6.19
81,95,569,2.4
81,96,49,0.21
81,122,117,0.8
82,27,583,3.32
82,28,994,5.66
82,29,982,5.59
82,30,746,4.42
82,31,0,0
82,32,135,0.8
82,33,35,0.21
82,34,321,1.9
82,40,1,0.01
82,41,109,0.68
82,44,819,5.14
82,45,241,1.51
82,46,65,0.41
82,47,2008,12.6
82,48,1200,7.53
82,49,863,5.42
82,50,413,2.98
82,51,565,4.07
82,52,1018,7.33
82,64,12,0.05
82,65,331,1.46
82,66,310,1.37
82,86,667,2.69
82,120,23,0.16
83,17,2,0
83,18,3,0
83,27,45,0.26
83,28,451,2.57
83,29,373,2.12
83,30,228,1.35
83,31,307,1.82
83,32,95,0.56
83,34,87,0.52
83,43,615,3.86
83,44,1081,6.78
83,45,1548,9.72
83,46,513,3.22
83,47,2129,13.36
83,48,543,3.41
83,49,925,5.81
83,50,2152,15.5
83,51,1361,9.81
83,52,2071,14.92
83,53,163,1.17
83,65,5,0.02
83,66,388,1.71
83,86,220,0.89
83,87,321,1.3
83,120,14,0.1
83,121,223,1.53
84,24,229,0.78
84,26,2,0.01
84,28,10,0.03
84,29,12,0.04
84,34,60,0.13
84,43,284,1.28
84,44,2078,9.36
84,45,1320,5.94
84,46,13,0.06
84,47,2653,11.95
84,48,1528,6.88
84,49,31,0.14
84,50,1455,9.95
84,51,2305,15.77
84,52,2046,14
84,53,744,5.09
84,54,176,1.2
84,98,59,0.18
84,99,40,0.12
84,119,276,0.96
84,120,78,0.2
85,0,0,0
85,1,0,0
85,23,51,0.17
85,24,256,0.87
85,29,36,0.12
85,32,1,0
85,43,142,0.64
85,44,1295,5.83
85,45,322,1.45
85,46,192,0.86
85,47,2626,11.82
85,48,1556,7.01
85,49,0,0
85,50,372,2.54
85,51,2134,14.6
85,52,1587,10.86
85,53,997,6.82
85,54,178,1.22
85,55,0,0
85,56,577,3.95
85,57,667,4.56
85,58,220,1.5
85,59,382,2.61
85,62,487,1.88
85,63,269,1.04
85,66,126,0.49
85,67,404,1.56
85,68,264,1.02
85,69,7,0.03
85,73,113,0.52
85,93,20,0.06
85,113,62,0.22
85,119,63,0.22
85,120,274,0.71
86,0,0,0
86,1,0,0
86,16,24,0.07
86,17,505,1.43
86,25,327,1.11
86,28,8,0.03
86,44,1327,5.97
86,45,789,3.55
86,46,1691,7.61
86,47,5150,23.19
86,48,2305,10.38
86,49,375,1.69
86,50,187,1.28
86,51,1557,10.65
86,52,1373,9.39
86,53,982,6.72
86,54,306,2.09
86,55,223,1.53
86,56,7,0.05
86,57,144,0.99
86,58,194,1.33
86,59,236,1.61
86,60,393,1.52
86,61,384,1.48
86,63,9,0.03
86,64,392,1.51
86,65,16,0.06
86,73,93,0.43
86,76,300,1.39
86,111,15,0.05
86,112,7,0.02
86,113,1432,5
86,119,1062,3.71
86,120,45,0.12
87,15,15,0.04
87,16,278,0.79
87,17,2,0.01
87,24,675,2.29
87,25,838,2.84
87,26,319,1.08
87,36,0,0
87,42,523,2.35
87,44,2398,10.8
87,45,1163,5.24
87,46,3539,15.93
87,47,4497,20.25
87,48,964,4.34
87,49,1929,8.69
87,50,2603,17.81
87,51,2423,16.57
87,52,1857,12.7
87,53,614,4.2
87,54,325,2.22
87,56,20,0.14
87,57,8,0.05
87,58,5,0.03
87,59,311,2.13
87,60,20,0.08
87,61,4,0.02
87,62,15,0.06
87,63,0,0
87,72,427,1.98
87,73,183,0.85
87,76,367,1.7
87,77,294,1.36
87,78,66,0.31
87,108,573,2.5
87,109,325,1.42
87,110,100,0.35
87,111,259,0.9
87,112,32,0.11
87,113,127,0.44
87,122,0,0
88,13,4,0.01
88,15,6,0.02
88,17,149,0.42
88,18,521,1.47
88,19,177,0.5
88,23,487,1.65
88,24,1344,4.56
88,25,1672,5.67
88,26,1070,3.63
88,28,0,0
88,29,57,0.19
88,30,475,1.04
88,31,1,0
88,32,9,0.02
88,35,115,0.25
88,36,29,0.06
88,37,0,0
88,42,2504,11.27
88,43,181,0.81
88,44,2345,10.56
88,45,754,3.39
88,46,5046,22.72
88,47,4045,18.21
88,48,295,1.33
88,49,2731,12.3
88,50,489,3.35
88,51,868,5.94
88,53,465,3.18
88,54,1257,8.6
88,55,735,5.03
88,59,1,0.01
88,77,4,0.02
88,78,320,1.48
88,79,320,1.48
88,89,5,0.01
88,108,182,0.79
88,109,183,0.8
88,120,0,0
88,121,482,1.25
88,122,652,1.69
89,18,528,1.49
89,19,239,0.68
89,22,194,0.66
89,23,200,0.68
89,25,141,0.48
89,26,127,0.43
89,28,0,0
89,29,156,0.53
89,30,23,0.05
89,31,1,0
89,32,12,0.03
89,35,76,0.17
89,36,0,0
89,37,195,0.42
89,38,195,0.42
89,39,9,0.02
89,40,766,3.45
89,41,602,2.71
89,42,1028,4.63
89,43,615,2.77
89,44,2415,10.87
89,45,3721,16.75
89,46,4869,21.92
89,47,5972,26.89
89,48,1639,7.38
89,49,624,2.81
89,50,3833,26.22
89,51,1329,9.09
89,52,348,2.38
89,53,295,2.02
89,54,1182,8.09
89,55,1259,8.61
89,56,815,5.58
89,57,569,3.89
89,59,146,1
89,62,4,0.02
89,63,236,0.91
89,78,307,1.42
89,79,15,0.07
89,121,1412,3.66
89,122,304,0.79
90,21,136,0.46
90,22,162,0.55
90,23,605,2.05
90,24,14,0.05
90,27,0,0
90,28,2,0.01
90,29,0,0
90,30,15,0.03
90,33,0,0
90,34,22,0.05
90,37,0,0
90,38,441,0.96
90,39,4,0.01
90,40,9,0.04
90,41,2030,9.14
90,42,2067,9.31
90,43,918,4.13
90,44,1581,7.12
90,45,9419,42.41
90,46,11255,50.68
90,47,7026,31.64
90,48,1197,5.39
90,49,1320,5.94
90,50,2463,16.85
90,51,1559,10.66
90,52,1703,11.65
90,53,2117,14.48
90,54,1334,9.13
90,55,629,4.3
90,58,0,0
90,59,78,0.53
90,60,672,2.59
90,62,300,1.16
90,73,149,0.69
90,78,496,2.3
90,79,659,3.06
90,89,71,0.21
90,90,16,0.05
90,107,553,2.41
90,121,997,2.58
91,19,16,0.05
91,20,804,2.73
91,21,3,0.01
91,22,5,0.02
91,39,609,1.33
91,40,1057,4.76
91,41,2139,9.63
91,42,3009,13.55
91,43,2971,13.38
91,45,7769,34.98
91,46,12270,55.25
91,47,6115,27.53
91,48,2538,11.43
91,49,2427,10.93
91,50,509,3.48
91,51,115,0.79
91,52,1081,7.39
91,53,1237,8.46
91,54,138,0.94
91,55,1,0.01
91,58,0,0
91,60,20,0.08
91,73,54,0.25
91,88,30,0.09
91,89,1237,3.68
91,90,812,2.44
91,91,51,0.15
91,104,410,1.79
91,105,116,0.51
91,106,361,1.57
91,107,267,1.16
91,121,0,0
91,122,0,0
92,18,12,0.03
92,19,2,0.01
92,21,3,0.01
92,22,4,0.01
92,35,6,0.01
92,39,373,0.81
92,40,1192,5.37
92,41,1828,8.23
92,42,1549,6.97
92,43,5966,26.86
92,44,3417,15.39
92,45,2744,12.36
92,46,6300,28.37
92,47,2259,10.17
92,48,2491,11.22
92,49,1368,6.16
92,50,1565,10.71
92,51,1916,13.11
92,52,569,3.89
92,53,1727,11.81
92,54,668,4.57
92,56,2,0.01
92,60,13,0.05
92,66,31,0.12
92,67,2,0.01
92,68,2,0.01
92,74,131,0.61
92,104,2,0.01
92,105,321,1.4
92,106,375,1.64
92,121,0,0
92,122,0,0
93,21,3,0.01
93,24,16,0.05
93,26,171,0.58
93,27,19,0.06
93,28,457,1.55
93,30,68,0.15
93,33,14,0.03
93,40,372,1.67
93,41,2402,10.82
93,42,3500,15.76
93,43,1992,8.97
93,44,4788,21.56
93,45,2028,9.13
93,46,4438,19.98
93,47,1580,7.11
93,48,2390,10.76
93,49,1093,4.92
93,50,2119,14.5
93,51,1030,7.05
93,52,922,6.31
93,53,2192,14.99
93,54,2176,14.88
93,55,483,3.3
93,56,8,0.05
93,60,63,0.24
93,61,2,0.01
93,67,9,0.03
93,71,12,0.06
93,74,4,0.02
94,26,157,0.44
94,27,77,0.22
94,28,261,0.74
94,29,207,0.59
94,31,973,10.11
94,34,176,1.83
94,35,337,3.5
94,39,1271,13.21
94,40,1878,9.87
94,41,2630,13.82
94,42,2094,11.01
94,43,2371,12.46
94,44,732,3.85
94,45,454,2.39
94,46,838,4.4
94,47,882,4.64
94,48,563,2.96
94,49,2525,13.27
94,50,2233,12.18
94,51,1138,6.21
94,52,408,2.23
94,53,563,3.07
94,54,312,1.7
94,55,786,4.29
94,56,1322,7.21
94,57,416,2.27
94,58,527,2.88
94,60,189,1.2
94,61,313,1.99
94,73,46,0.2
94,74,421,1.79
94,75,78,0.33
94,93,4,0.01
95,26,3,0.01
95,29,2,0.01
95,30,1,0.01
95,31,67,0.7
95,32,599,6.23
95,33,202,2.1
95,34,3197,33.23
95,35,1320,13.72
95,36,634,6.59
95,37,0,0
95,39,9,0.09
95,40,490,2.58
95,41,1196,6.29
95,42,2660,13.98
95,43,3008,15.81
95,44,1661,8.73
95,45,712,3.74
95,46,18,0.09
95,47,741,3.89
95,48,1230,6.47
95,49,2300,12.09
95,50,1078,5.88
95,51,1572,8.58
95,52,376,2.05
95,53,10,0.05
95,55,3,0.02
95,56,701,3.82
95,57,274,1.5
95,58,231,1.26
95,59,134,0.73
95,61,395,2.51
95,73,238,1.01
95,74,29,0.12
95,93,3,0.01
95,96,891,2.04
95,97,253,0.58
95,98,283,0.65
96,31,3,0.03
96,32,631,6.56
96,33,1607,16.7
96,34,1576,16.38
96,35,1015,10.55
96,36,494,5.13
96,37,0,0
96,38,0,0
96,41,83,0.44
96,42,1353,7.11
96,43,2356,12.38
96,44,895,4.7
96,45,857,4.5
96,46,506,2.66
96,47,439,2.31
96,49,0,0
96,50,1,0.01
96,51,418,2.28
96,52,484,2.64
96,53,563,3.07
96,54,157,0.86
96,55,352,1.92
96,56,104,0.57
96,57,1155,6.3
96,58,1729,9.43
96,59,672,3.67
96,60,130,0.83
96,61,71,0.45
96,62,0,0
96,63,0,0
96,66,56,0.36
96,67,53,0.34
96,68,379,2.41
96,73,0,0
96,74,86,0.37
96,76,3,0.01
96,85,559,2.39
96,94,11,0.03
96,95,1064,2.43
96,96,18,0.04
96,114,296,0.33
96,115,2,0
97,31,5,0.05
97,34,981,10.2
97,35,1008,10.48
97,36,0,0
97,39,22,0.23
97,40,4,0.02
97,41,8,0.04
97,42,189,0.99
97,43,2277,11.97
97,44,1512,7.95
97,45,750,3.94
97,46,492,2.59
97,47,661,3.47
97,48,18,0.09
97,49,8,0.04
97,50,32,0.17
97,51,111,0.61
97,52,6,0.03
97,54,15,0.08
97,56,0,0
97,57,2394,13.06
97,58,1624,8.86
97,59,1593,8.69
97,60,84,0.53
97,64,793,5.04
97,65,539,3.43
97,66,3,0.02
97,67,17,0.11
97,68,265,1.68
97,73,285,1.21
97,74,122,0.52
97,75,0,0
97,76,7,0.03
97,84,13,0.06
97,85,373,1.59
97,94,22,0.05
97,95,554,1.27
97,102,11,0
97,110,26,0.03
97,114,1004,1.12
97,115,18,0.02
98,33,780,8.11
98,34,771,8.01
98,35,1295,13.46
98,36,6,0.06
98,37,219,2.28
98,42,850,4.47
98,43,2001,10.52
98,44,1515,7.96
98,45,1512,7.95
98,46,4,0.02
98,47,597,3.14
98,50,0,0
98,51,70,0.38
98,52,197,1.07
98,53,1002,5.47
98,54,251,1.37
98,57,242,1.32
98,58,1658,9.05
98,59,561,3.06
98,62,3,0.02
98,64,3,0.02
98,65,616,3.92
98,66,699,4.44
98,67,113,0.72
98,68,131,0.83
98,69,602,3.83
98,70,396,1.68
98,80,950,4.05
98,100,3,0
98,115,0,0
99,33,627,6.52
99,34,679,7.06
99,35,918,9.54
99,36,23,0.24
99,40,256,1.35
99,41,478,2.51
99,42,2511,13.2
99,43,2101,11.04
99,44,1151,6.05
99,45,350,1.84
99,46,62,0.33
99,47,454,2.39
99,52,2,0.01
99,53,29,0.16
99,55,136,0.74
99,56,610,3.33
99,58,1083,5.91
99,62,20,0.13
99,64,77,0.49
99,65,243,1.54
99,70,117,0.5
99,71,481,2.04
99,80,214,0.91
99,110,64,0.07
99,111,418,0.47
99,113,271,0.3
99,114,384,0.43
100,12,135,0.4
100,31,24,0.25
100,32,834,8.67
100,33,1162,12.08
100,34,264,2.74
100,42,295,1.55
100,43,174,0.91
100,44,1101,5.79
100,45,413,2.17
100,47,809,4.25
100,48,738,3.88
100,49,40,0.21
100,55,83,0.45
100,56,201,1.1
100,58,78,0.43
100,59,59,0.32
100,62,3,0.02
100,70,4,0.02
100,76,9,0.04
100,98,2,0
100,99,329,0.75
100,100,5,0
100,113,1017,1.14
101,31,0,0
101,32,664,6.9
101,34,5,0.05
101,40,579,3.04
101,42,167,0.88
101,43,438,2.3
101,47,0,0
101,48,316,1.66
101,49,446,2.34
101,52,36,0.2
101,54,538,2.94
101,55,10,0.05
101,56,145,0.79
101,58,15,0.08
101,59,134,0.73
101,66,3,0.02
101,76,943,4
101,77,1,0
101,94,2,0
101,96,6,0.01
101,98,12,0.03
101,99,2137,4.89
101,104,55,0
102,10,9,0.03
102,11,247,0.73
102,12,684,2.02
102,35,19,0.2
102,36,16,0.17
102,39,249,2.59
102,40,559,2.94
102,41,191,1
102,42,433,2.28
102,54,505,2.76
102,55,30,0.16
102,57,3,0.02
102,58,384,2.1
102,59,56,0.31
102,61,9,0.06
102,69,11,0.07
102,75,0,0
102,76,1241,5.27
102,77,317,1.35
102,95,30,0.07
102,97,2,0
102,98,690,1.58
102,99,2010,4.6
102,100,25,0
102,101,24,0
102,104,11,0
102,113,76,0.09
103,0,348,2
103,11,17,0.05
103,12,1197,3.54
103,13,409,1.21
103,14,6,0.02
103,15,341,1.01
103,16,1,0
103,31,125,1.3
103,35,113,1.17
103,41,37,0.19
103,46,6,0.03
103,48,170,0.89
103,49,65,0.34
103,54,54,0.29
103,55,1945,10.61
103,56,126,0.69
103,58,598,3.26
103,59,121,0.66
103,74,151,0.64
103,75,1398,5.94
103,76,1554,6.6
103,77,80,0.34
103,98,547,1.25
103,99,309,0.71
103,100,15,0
104,0,154,0.31
104,1,306,0.61
104,10,371,1.42
104,11,404,1.55
104,12,580,2.22
104,15,1989,7.61
104,16,935,3.58
104,55,287,1.75
104,56,21,0.13
104,58,83,0.51
104,74,890,4
104,86,893,3.18
104,87,1126,4.01
104,97,98,0.41
104,99,4,0.02
105,0,40,0.08
105,1,299,0.6
105,9,75,0.15
105,11,333,1.27
105,15,43,0.16
105,16,347,1.33
105,32,264,0.38
105,33,33,0.05
105,50,5,0.03
105,69,6,0
105,88,50,0.18
105,89,322,1.15
105,90,1069,4.45
105,96,3,0.01
105,97,8,0.03
105,105,13,0.06
105,107,7,0.03
105,108,8,0.03
105,112,1,0
106,0,1419,2.83
106,1,228,0.45
106,7,26,0.05
106,9,636,1.27
106,10,36,0.14
106,32,269,0.39
106,33,836,1.21
106,35,10,0.01
106,49,1,0.01
106,50,1,0.01
106,88,488,1.74
106,90,21,0.09
106,97,0,0
106,104,3,0.01
106,111,197,0.68
106,112,735,2.52
106,113,47,0.16
106,122,1,0
107,0,121,0.24
107,1,402,0.8
107,6,0,0
107,7,18,0.04
107,8,139,0.28
107,9,1663,3.32
107,10,327,1.25
107,11,61,0.23
107,33,38,0.05
107,59,38,0.23
107,60,56,0
107,61,141,0
107,100,480,2.05
107,101,78,0.33
107,111,46,0.16
107,112,27,0.09
107,115,2,0.01
107,122,6,0.02
108,7,420,0.84
108,8,41,0.08
108,9,11,0.02
108,10,678,2.59
108,11,12,0.05
108,12,14,0.05
108,36,174,0.25
108,58,170,1.04
108,59,820,5.01
108,60,302,0
108,61,68,0
108,63,25,0
108,88,307,1.09
108,105,0,0
108,110,253,0.87
108,111,1,0
108,112,22,0.08
108,114,215,0.74
108,115,26,0.09
108,116,2,0.01
108,117,281,0.96
109,9,10,0.02
109,10,1524,5.83
109,58,4,0.02
109,59,3,0.02
109,63,8,0
109,64,496,0
109,65,554,0
109,87,12,0.04
109,88,10,0.04
109,89,104,0.37
109,101,5,0.02
109,105,87,0.37
109,106,444,1.9
109,107,1145,4.9
109,108,1290,5.52
109,109,1369,5.86
109,110,728,2.5
109,114,233,0.8
109,115,238,0.82
110,9,6,0.01
110,10,452,1.73
110,31,41,0.06
110,36,0,0
110,48,554,3.85
110,49,131,0.91
110,50,34,0.21
110,87,892,3.17
110,101,590,2.52
110,102,175,0.75
110,103,107,0.46
110,104,319,1.37
110,106,956,4.09
110,107,460,1.97
110,108,269,1.15
110,109,733,3.14
110,110,165,0.57
110,114,6,0.02
110,116,2,0.01
110,117,4,0.01
110,119,82,0.28
110,120,69,0.25
110,121,122,0.45
110,122,567,2.08
111,9,0,0
111,31,412,0.6
111,47,153,1.06
111,48,431,2.99
111,49,576,4
111,50,359,2.19
111,59,303,1.85
111,63,258,0
111,87,13,0.05
111,101,0,0
111,102,4,0.02
111,109,678,2.9
111,110,834,2.86
111,111,2,0.01
111,119,87,0.3
111,120,951,3.49
111,121,301,1.1
112,46,246,1.71
112,47,24,0.17
112,48,16,0.11
112,49,631,4.38
112,63,81,0
112,94,136,0.57
112,102,15,0.06
112,108,3,0.01
112,109,577,2.47
112,110,144,0.49
112,111,0,0
112,114,2,0.01
112,115,317,1.09
112,118,0,0
112,119,1020,3.5
112,120,59,0.22
113,28,9,0
113,29,9,0
113,48,8,0.06
113,49,110,0.76
113,93,4,0.02
113,94,812,3.38
113,95,9,0.04
113,118,92,0.32
113,119,18,0.06
113,122,59,0.22
113,123,317,1.16
114,27,124,0.6
114,28,11,0.05
114,41,244,1.65
114,42,256,1.74
114,48,138,0.94
114,49,406,2.75
114,78,1397,5.95
114,94,956,4.1
114,95,1340,5.74
114,119,27,0.13
114,121,98,0.4
114,122,123,0.51
114,123,216,0.89
115,26,0,0
115,27,647,3.13
115,41,473,3.21
115,48,0,0
115,49,0,0
115,77,791,3.37
115,78,986,4.2
115,94,232,0.99
115,95,782,3.35
115,96,0,0
115,121,132,0.54
115,122,8,0.03
116,65,196,0.4
116,77,298,1.27
116,78,6,0.03
116,95,367,1.57
116,122,0,0
116,123,6,0.02
116,127,11,0.05
117,65,1668,3.4
117,66,220,0.45
117,117,8,0.04
118,18,105,0.4
118,19,0,0
118,39,155,1.11
118,62,19,0.04
118,68,162,0.33
118,96,55,0.24
118,106,2,0
119,14,775,2.95
119,15,401,1.53
119,16,626,2.38
119,38,270,1.94
119,39,202,1.45
119,118,0,0
119,126,88,0.36
120,12,321,1.22
120,13,1304,4.97
120,14,44,0.17
120,33,566,4.06
120,34,245,1.76
120,37,759,5.45
120,38,1778,12.76
120,39,367,2.63
120,40,344,2.33
120,41,142,0.96
120,53,770,0
120,54,325,0
120,55,90,0
120,62,43,0.09
120,68,120,0.24
120,72,37,0.16
120,73,646,2.75
120,113,27,0.13
120,114,22,0.11
120,118,2,0.01
120,126,6,0.02
121,33,101,0.72
121,36,442,3.17
121,37,457,3.28
121,38,378,2.71
121,46,99,0.67
121,47,752,5.1
121,48,0,0
121,51,391,0
121,52,139,0
121,53,429,0
121,54,478,0
121,55,1707,0
121,56,685,0
121,68,614,1.25
121,72,260,1.11
121,73,2405,10.24
121,74,475,2.02
121,76,5,0.02
121,77,907,3.86
121,87,72,0.33
121,102,336,0
121,112,0,0
121,113,445,2.13
121,114,207,0.99
122,2,115,0.44
122,3,1317,5.02
122,4,266,1.01
122,24,355,1.72
122,25,436,2.11
122,33,19,0.14
122,38,270,1.94
122,47,54,0.37
122,48,409,2.77
122,52,27,0
122,53,32,0
122,54,407,0
122,55,39,0
122,56,268,0
122,67,298,0.61
122,72,7,0.03
122,73,732,3.12
122,74,1270,5.41
122,75,357,1.52
122,76,8,0.03
122,77,169,0.72
122,87,315,1.44
122,88,1197,5.46
122,101,0,0
122,113,331,1.59
122,114,1784,8.55
122,115,188,0.9
122,116,245,1.17
122,118,149,0.71
123,3,133,0.51
123,5,0,0
123,6,7,0.03
123,7,0,0
123,11,626,2.38
123,22,98,0.47
123,23,397,1.92
123,38,0,0
123,39,122,0.88
123,47,517,3.51
123,67,98,0.2
123,73,171,0.73
123,74,612,2.61
123,75,201,0.86
123,76,0,0
123,87,134,0.61
123,88,849,3.87
123,89,282,1.29
123,90,1,0
123,101,0,0
123,114,297,1.42
123,115,736,3.53
123,116,856,4.1
123,117,308,1.48
124,5,842,2.18
124,6,60,0.16
124,9,120,0.31
124,10,3,0.01
124,11,972,3.94
124,22,1,0
124,23,1230,4.08
124,38,0,0
124,39,482,7.17
124,74,0,0
124,75,767,1.79
124,76,655,1.53
124,77,285,0.66
124,89,278,0.78
124,101,171,0.87
124,102,1237,6.29
124,103,161,0.82
124,104,203,1.03
124,105,0,0
124,106,131,0.67
124,117,321,4.42
124,119,8,0.11
125,4,16,0.04
125,5,265,0.69
125,9,1,0
125,10,20,0.08
125,11,47,0.19
125,22,346,1.15
125,23,139,0.46
125,24,291,0.96
125,37,520,7.73
125,38,174,2.59
125,39,683,10.16
125,50,6,0.02
125,56,316,0.94
125,75,270,0.63
125,76,241,0.56
125,77,359,0.84
125,88,862,2.4
125,89,1111,3.1
125,101,41,0.21
125,102,1151,5.86
125,103,1252,6.37
125,104,347,1.77
125,106,20,0.1
125,117,0,0
126,2,349,0.9
126,3,32,0.08
126,4,785,2.03
126,5,733,1.9
126,6,67,0.17
126,22,1059,3.51
126,23,1501,4.97
126,24,690,2.29
126,25,179,0.59
126,37,24,0.36
126,56,964,2.88
126,57,11,0.03
126,91,6,0.02
126,127,12,0.05
127,3,856,2.22
127,4,225,0.58
127,22,498,1.65
127,23,407,1.35
127,24,26,0.09
127,25,931,3.09
127,57,378,1.13
127,95,12,0.05
127,126,576,2.25
127,127,0,0
