x,y,residential_floor_area,TOT_P_2021
0,37,437,1.44
0,38,799,2.64
0,39,371,1.23
0,40,145,0.71
0,41,21,0.1
0,43,188,0.92
0,44,84,0.41
0,46,1165,5.73
0,47,111,0.55
0,48,304,1.5
0,49,149,0.73
0,50,477,3.65
0,51,2606,19.95
0,52,287,2.2
0,79,2,0.01
0,80,120,0.62
0,123,154,0.25
1,26,39,0.07
1,27,795,1.43
1,37,241,0.8
1,38,805,2.66
1,39,1381,4.56
1,40,1845,9.07
1,41,1060,5.21
1,42,1881,9.25
1,43,3574,17.58
1,44,2169,10.67
1,45,2410,11.85
1,46,2683,13.2
1,47,408,2.01
1,48,1871,9.2
1,49,1040,5.12
1,50,641,4.91
1,51,1981,15.17
1,52,127,0.97
1,63,348,0.54
1,66,237,0.37
1,79,310,1
1,80,230,1.19
1,103,421,1.21
1,104,625,1.8
2,14,106,0.31
2,15,36,0.1
2,38,0,0
2,40,528,2.6
2,41,591,2.91
2,42,1937,9.53
2,43,1693,8.33
2,44,5169,25.42
2,45,6679,32.85
2,46,2663,13.1
2,47,2428,11.94
2,48,2626,12.92
2,49,2491,12.25
2,50,2124,16.26
2,51,2324,17.79
2,104,647,1.87
2,105,41,0.12
3,3,61,0.32
3,14,552,1.59
3,15,741,2.14
3,36,178,0.59
3,42,591,2.91
3,43,1213,5.97
3,44,2187,10.76
3,45,3572,17.57
3,46,932,4.58
3,47,1577,7.76
3,48,1049,5.16
3,49,551,2.71
3,50,1759,13.47
3,56,11,0.08
3,58,88,0.67
3,71,264,0.85
3,72,605,1.95
4,6,135,0.71
4,14,28,0.08
4,15,243,0.7
4,34,353,1.17
4,35,380,1.26
4,36,0,0
4,41,228,1.12
4,42,516,2.54
4,43,654,3.22
4,44,1446,7.11
4,45,1141,5.61
4,47,4,0.02
4,48,644,3.17
4,49,1434,7.05
4,50,1156,8.85
4,55,0,0
4,56,837,6.41
4,57,21,0.16
4,58,329,2.52
4,72,1,0
4,85,586,3.04
4,86,132,0.68
5,1,342,1.79
5,6,877,4.6
5,27,218,0.39
5,28,217,0.39
5,41,150,0.74
5,44,1129,5.55
5,45,1055,5.19
5,47,56,0.28
5,49,1266,6.23
5,50,663,5.08
5,51,178,1.36
5,52,110,0.84
5,68,151,0.23
5,69,1727,2.68
5,70,102,0.33
5,78,0,0
5,79,0,0
5,121,304,0.49
6,0,24,0.13
6,1,592,3.11
6,6,551,2.89
6,7,1343,7.05
6,8,224,1.18
6,9,1049,5.5
6,10,96,0.28
6,22,472,0.85
6,23,7,0.01
6,43,10,0.05
6,44,148,0.73
6,45,699,3.44
6,53,301,2.3
6,54,93,0.71
6,68,10,0.02
6,69,65,0.1
6,78,421,1.35
6,79,628,2.02
6,84,124,0.64
6,85,157,0.81
6,91,163,0
6,92,404,0
6,93,54,0
6,121,2141,3.44
6,122,73,0.12
6,127,70,0.11
7,6,142,0.74
7,7,2479,13.01
7,8,377,1.98
7,10,279,0.8
7,22,370,0.67
7,43,24,0.12
7,53,7,0.05
7,54,172,1.32
7,79,6,0.02
7,92,884,0
7,93,4,0
7,121,3,0
7,127,1117,1.79
8,3,206,0.78
8,7,337,1.27
8,8,185,0.7
8,78,339,1.11
8,127,267,1.44
9,24,17,0.05
9,78,122,0.4
9,127,33,0.18
10,17,0,0
10,18,169,0.47
10,24,13,0.04
10,41,218,0.85
10,42,32,0.12
10,46,77,0.3
10,54,935,1.51
10,55,37,0.06
10,76,72,0.24
10,106,5,0.01
10,107,978,2.55
11,0,0,0
11,16,214,0.6
11,17,290,0.81
11,18,661,1.85
11,21,69,0.19
11,36,169,0
11,37,1274,0
11,41,615,2.4
11,42,87,0.34
11,45,0,0
11,46,769,3
11,54,261,0.42
11,55,0,0
11,76,606,1.98
11,78,14,0.05
11,79,9,0.03
11,101,565,1.47
11,102,81,0.21
11,112,14,0.02
11,113,13,0.02
11,124,164,0.88
12,36,7,0
12,37,602,0
12,46,349,1.36
12,60,451,0
12,74,11,0.04
12,77,40,0.13
12,78,888,2.9
12,79,28,0.09
12,101,31,0.08
12,102,1174,3.06
12,103,411,1.07
12,112,588,0.72
12,113,943,1.15
12,124,631,3.4
12,125,0,0
13,24,53,0.14
13,45,161,0.63
13,74,933,3.05
13,90,145,0
13,101,402,1.05
13,102,132,0.34
13,103,0,0
13,112,69,0.08
13,113,9,0.01
14,24,42,0.11
14,25,1,0
14,45,170,0.66
14,49,601,2.34
14,89,127,4
14,90,339,0
14,101,863,2.25
14,102,332,0.86
15,98,66,0
15,101,0,0
16,25,678,1.85
16,26,714,1.95
16,51,5,0.01
17,9,65,0.25
17,14,350,0.98
17,15,464,1.3
17,25,109,0.3
17,26,873,2.38
17,100,20,0.05
18,9,855,0.54
18,25,627,2.02
18,26,5,0.02
18,38,882,0.94
18,39,53,0.06
18,100,312,0
18,121,686,2.77
19,9,586,0.37
19,59,383,0.59
19,60,9,0.03
19,120,17,0.07
19,121,68,0.27
19,127,0,0
20,17,25,0.07
20,19,5,0.01
20,59,270,0.41
20,60,714,2.42
21,17,1460,3.97
21,18,603,1.64
21,19,520,1.41
21,95,91,0.1
21,97,77,0.08
21,112,294,0.51
21,113,228,0.4
22,7,628,0.4
22,15,43,0.12
22,17,185,0.5
22,18,173,0.47
22,26,1,0
22,50,1096,1.67
22,97,656,0.71
22,98,15,0.02
22,112,56,0.1
22,113,784,1.37
23,3,255,0.16
23,6,171,0.11
23,17,167,0.45
23,25,6,0.02
23,26,1372,4.41
23,49,2,0
23,50,1361,2.08
23,51,636,0.97
23,112,466,0.82
23,113,1112,1.95
24,3,647,0.41
24,17,16,0.04
24,21,96,0.31
24,26,56,0.18
24,48,61,0
24,51,34,0.05
24,52,224,0.34
24,54,231,0.35
24,55,710,1.08
24,110,4,0.01
24,112,85,0.15
24,113,401,0.7
25,17,3,0.01
25,20,0,0
25,21,13,0.04
25,54,19,0.03
25,55,15,0.02
25,85,327,0.66
26,18,8,0.02
26,19,103,0.28
26,59,1619,2.47
26,60,345,1.17
26,61,522,1.77
26,87,1153,2.33
26,91,0,0
26,125,131,0.53
26,126,525,2.12
27,14,5,0.01
27,15,142,0.39
27,16,0,0
27,18,355,0.96
27,19,604,1.64
27,59,602,0.92
27,60,1060,3.6
27,76,182,0.72
27,77,325,1.28
27,89,3,0.01
27,90,1021,1.1
28,32,24,0.06
28,33,218,0.59
28,34,873,2.35
28,35,132,0.36
28,59,1,0
28,70,966,1.82
28,71,16,0.03
28,115,0,0
29,32,78,0.21
29,33,454,1.22
29,34,158,0.42
29,35,12,0.03
29,114,164,1.04
29,115,219,1.39
30,22,37,0
30,34,102,0.27
31,0,484,0.54
31,1,1063,1.18
31,31,44,0.12
31,32,150,0.4
31,85,40,0.09
32,0,261,0.29
32,19,26,0.05
32,32,1645,4.42
32,33,69,0.19
32,38,566,1.52
32,39,872,2.35
32,40,16,0.04
32,68,116,0.34
32,78,540,1.02
33,32,479,1.29
33,33,6,0.02
33,37,169,0.45
33,38,167,0.45
33,39,376,1.01
33,55,61,0.03
33,68,225,0.66
33,78,0,0
33,91,20,0
34,10,451,0.85
34,11,469,0.88
34,73,525,0.99
34,74,5,0.01
34,91,316,0
34,99,823,0
35,10,134,0.25
35,11,714,1.34
35,18,8,0.02
35,19,13,0.02
35,46,16,0.04
35,58,298,0.13
35,59,1102,0.47
35,73,440,0.83
35,74,697,1.31
35,99,1252,0
35,126,98,0.3
36,18,267,0.5
36,19,577,1.08
36,22,231,0
36,29,107,0
36,30,1214,3.27
36,40,324,0.9
36,41,130,0.36
36,46,1253,3.49
36,47,10,0.03
36,58,90,0.04
36,59,810,0.34
36,87,827,1.85
36,104,44,0
36,105,1355,0
36,106,0,0
36,110,0,0
36,125,49,0.15
36,126,852,2.63
36,127,694,2.14
37,22,638,0
37,23,355,0
37,26,37,0
37,41,405,1.13
37,87,25,0.06
37,109,0,0
37,110,91,0.58
37,116,156,0.99
37,125,28,0.09
37,126,1148,3.54
37,127,501,1.55
38,7,2,0
38,8,299,0.37
38,9,1,0
38,48,468,1.79
38,109,407,2.15
38,110,648,1.73
38,115,112,0.3
38,116,69,0.18
38,117,17,0.05
38,126,0,0
39,7,50,0.06
39,8,1315,1.62
39,9,33,0.04
39,50,303,0.31
39,51,256,0.27
39,77,27,0.05
39,93,873,1.33
39,109,243,1.28
39,110,0,0
39,111,87,0.23
39,115,387,1.04
40,37,76,0.24
40,38,323,1.02
40,50,207,0.21
40,51,610,0.63
40,77,1169,2.28
40,78,1011,1.97
40,109,0,0
40,127,846,1.67
41,0,680,0.84
41,1,624,0.77
41,37,180,0.57
41,38,368,1.17
41,45,1645,6.3
41,46,246,0.94
41,48,306,1.17
41,77,50,0.1
41,78,20,0.04
41,92,270,0.41
42,1,277,0.34
42,45,9,0.03
42,46,284,1.09
42,47,3907,14.96
42,48,1183,4.53
42,99,166,0.25
42,100,108,0.57
43,19,165,0.27
43,20,851,4.06
43,22,122,0.58
43,23,1037,4.94
43,46,226,0.87
43,47,2853,10.92
43,48,2230,8.54
43,50,18,0.02
43,55,372,0.39
43,56,313,0.32
43,99,8,0.01
43,114,92,0.25
43,115,771,2.06
43,116,5,0.01
44,7,7,0.01
44,8,527,0.65
44,17,92,0.15
44,19,92,0.15
44,20,201,0.96
44,22,202,0.96
44,23,305,1.45
44,45,380,1.45
44,46,1624,6.22
44,47,2465,9.44
44,48,0,0
44,49,6,0.02
44,51,0,0
44,55,62,0.06
44,56,89,0.09
44,114,2,0.01
44,115,747,2
44,116,52,0.14
44,120,65,0.13
44,123,110,0.22
44,124,91,0.18
45,7,1504,1.85
45,17,856,1.42
45,21,10,0.05
45,43,0,0
45,44,763,2.92
45,45,276,1.06
45,46,3,0.01
45,47,627,2.4
45,48,88,0.34
45,51,16,0.02
45,53,525,0.54
45,62,364,0.93
45,100,42,0.22
45,101,149,0.79
45,120,135,0.27
45,123,496,0.98
45,124,176,0.35
46,7,366,0.45
46,43,0,0
46,54,124,0.13
46,55,0,0
46,62,9,0.02
46,69,0,0
46,70,1,0
46,101,82,0.43
46,102,409,2.16
46,104,35,0.18
46,105,330,1.74
46,106,170,0.9
47,69,800,2.05
47,70,492,0.96
47,71,311,0.61
47,103,95,0.5
47,104,425,2.24
47,105,0,0
47,106,348,1.84
47,107,0,0
47,121,618,1.22
48,45,19,0.03
48,46,33,0.05
48,62,268,1.1
48,66,129,0.53
48,67,79,0.32
48,70,136,0
48,71,53,0
48,103,831,3.38
48,104,944,3.84
48,105,184,0.75
49,45,259,0.37
49,46,407,0.58
49,53,104,0.14
49,63,347,1.42
49,66,421,1.72
49,67,536,2.19
49,89,1491,3.25
49,90,29,0.16
49,105,163,0.66
49,106,63,0.26
50,1,68,0.24
50,2,109,0.39
50,30,610,1.07
50,31,676,1.19
50,63,1070,4.38
50,100,261,1.06
50,103,564,2.3
50,106,45,0.18
50,107,65,0.26
51,30,197,0.35
51,31,110,0.19
51,36,1042,1.83
51,54,0,0
51,55,500,0.68
51,56,21,0.03
51,79,281,0
51,97,114,0.63
51,98,59,0.33
51,99,209,1.16
51,114,2,0
51,115,175,0.17
52,0,217,0.77
52,5,26,0.09
52,6,483,1.72
52,15,511,2.86
52,16,317,1.78
52,35,0,0
52,36,773,1.36
52,41,51,0.07
52,42,22,0.03
52,55,482,0.65
52,67,39,0.16
52,68,0,0
52,79,1217,0
52,80,721,1.57
52,97,30,0.17
52,114,101,0.1
52,115,1007,0.99
53,6,48,0.17
53,7,168,0.6
53,8,129,0.46
53,15,588,3.29
53,16,332,1.86
53,41,216,0.31
53,42,531,0.75
53,49,723,1.03
53,50,736,1
53,102,1244,5.07
54,2,12,0.04
54,6,414,1.48
54,7,288,1.03
54,15,0,0
54,16,427,2.39
54,17,227,1.27
54,18,290,1.62
54,19,289,1.62
54,49,559,0.79
54,50,1106,1.5
54,67,584,2.39
54,72,0,0
54,81,0,0
54,82,0,0
54,92,0,0
54,93,18,0.1
54,102,302,1.23
55,16,260,1.46
55,17,833,4.66
55,18,385,2.16
55,69,538,2.2
55,81,0,0
55,82,0,0
55,89,383,0.84
55,90,601,3.34
55,91,233,1.29
55,92,2114,11.73
55,93,103,0.57
55,94,1468,8.15
55,101,395,1.61
55,102,273,1.11
55,104,135,0.55
55,105,227,0.92
55,123,543,0.36
55,124,165,0.11
55,127,426,0.28
56,16,142,0.8
56,17,942,5.28
56,18,0,0
56,22,85,0
56,73,0,0
56,85,197,0.43
56,86,474,1.03
56,87,412,0.9
56,89,313,0.68
56,90,0,0
56,92,143,0.79
56,93,3485,19.34
56,94,3564,19.78
56,100,413,1.68
56,101,276,1.12
56,124,107,0.07
56,127,63,0.04
57,16,256,1.43
57,17,674,3.77
57,18,134,0.75
57,22,907,0
57,23,882,0
57,67,481,1.97
57,68,643,2.63
57,73,242,0
57,85,137,0.3
57,86,0,0
57,92,10,0.06
57,93,2882,15.99
57,94,4338,24.07
57,95,1100,6.1
57,99,222,1.23
57,118,263,0.26
57,119,1508,1.48
57,120,116,0.08
58,17,4,0.01
58,23,73,0.37
58,67,548,1.71
58,68,118,0.37
58,86,54,0.16
58,87,161,0.47
58,92,40,0.14
58,93,802,2.79
58,94,1928,6.7
58,95,886,3.08
58,96,158,0.55
59,6,191,0.28
59,7,124,0.18
59,48,0,0
59,49,284,1.05
59,50,160,0.14
59,62,109,0.34
59,68,258,0.8
59,69,268,0.84
59,78,129,0.09
59,79,665,0.46
59,86,429,1.24
59,87,400,1.16
59,92,25,0.09
59,93,82,0.28
59,96,354,1.23
60,6,165,0.24
60,7,413,0.61
60,14,229,0.83
60,19,251,0.91
60,62,623,1.94
60,71,3,0
60,79,409,0.29
60,80,714,2.07
60,86,569,1.65
60,91,131,0.46
60,92,124,0.43
60,93,62,0.22
60,118,121,0.64
60,119,0,0
61,7,8,0.01
61,14,51,0.18
61,19,4,0.01
61,20,777,3.95
61,47,35,0.13
61,48,312,1.15
61,90,258,0.9
61,91,254,0.88
61,92,1,0
61,101,42,0
61,102,139,0
61,119,377,1.99
62,20,528,2.68
62,48,114,0.42
62,54,0,0
62,55,0,0
62,96,0,0
62,97,352,1.22
62,98,165,0.57
62,101,72,0
62,102,110,0
62,112,10,0.05
63,54,18,0.02
63,55,1340,1.15
63,97,410,1.42
63,98,1707,5.93
63,112,57,0.3
64,51,150,0.13
64,55,383,0.33
64,98,15,0.05
64,119,5,0.03
64,121,186,1.19
65,6,63,0.09
65,18,485,1.75
65,19,608,2.2
65,36,100,0.97
65,37,312,3.03
65,51,281,0.24
65,70,857,0.6
65,81,184,0.53
65,88,23,0.07
65,89,398,1.15
65,119,464,2.45
65,120,833,5.33
65,121,480,3.07
65,122,362,2.32
66,6,507,0.75
66,7,71,0.1
66,18,399,1.44
66,19,459,1.66
66,47,65,0.24
66,70,22,0.02
66,89,1065,3.09
66,90,18,0.06
66,112,758,3.99
66,118,0,0
66,119,745,3.93
66,120,1173,7.51
66,121,315,2.02
67,6,88,0.13
67,7,401,0.59
67,45,0,0
67,47,2,0.01
67,73,785,0.55
67,74,0,0
67,89,489,1.42
67,118,499,2.63
67,120,87,0.56
68,45,0,0
68,46,304,1.5
68,47,3,0.01
68,52,41,0.02
68,53,264,0.11
68,58,45,0.02
68,66,163,0
68,79,6,0.04
69,46,926,4.58
69,47,663,3.28
69,58,1387,0.56
69,66,133,0
69,67,42,0
69,105,187,0.75
69,106,432,1.74
70,46,270,1.33
70,79,504,3.62
70,105,840,3.39
70,106,999,4.03
71,33,345,1.61
71,35,28,0.13
71,36,0,0
71,79,0,0
71,105,974,3.93
72,33,49,0.23
72,34,101,0.47
72,35,961,4.49
72,36,0,0
72,77,1,0.01
72,115,0,0
72,116,0,0
73,2,647,2.63
73,3,732,2.98
73,16,886,0.94
73,17,110,0.12
73,35,13,0.06
73,36,0,0
73,70,24,0.17
73,80,220,0.77
73,84,691,2.41
73,115,216,0.69
73,116,905,2.87
73,126,477,0
73,127,246,0
74,3,172,0.7
74,7,841,3.42
74,16,1837,1.94
74,17,2,0
74,80,131,0.46
74,84,0,0
74,99,2,0
74,100,339,1.37
74,101,396,1.6
75,3,182,0.74
75,4,110,0.45
75,7,139,0.57
75,59,573,0.23
75,60,16,0
75,71,7,0.05
75,82,75,0.26
75,99,27,0
75,100,49,0.2
75,116,127,0.4
76,3,887,3.61
76,23,10,0
76,59,180,0.07
76,60,28,0
76,86,110,0.38
76,88,0,0
76,90,0,0
76,114,5,0.02
76,115,0,0
76,116,212,0.67
77,2,545,2.22
77,3,3338,13.58
77,4,28,0.11
77,23,1,0
77,46,646,3.19
77,47,812,4.01
77,48,17,0.08
77,75,937,6.73
77,76,192,1.38
77,77,0,0
77,85,237,0.83
77,86,1209,4.22
77,87,1189,4.15
77,88,1693,5.91
77,89,465,1.62
77,114,984,3.12
77,115,386,1.23
78,0,49,0.1
78,1,154,0.31
78,2,44,0.09
78,3,648,1.31
78,4,2166,4.37
78,5,33,0.07
78,44,3,0.01
78,46,222,0.77
78,47,11,0.04
78,59,158,0.98
78,60,48,0.2
78,61,7,0.03
78,69,633,2.69
78,70,18,0.06
78,75,87,0.31
78,76,694,2.44
78,85,0,0
78,86,15,0.06
78,87,1287,5.56
78,88,38,0.16
78,89,75,0.32
78,113,28,0.13
78,114,886,3.98
78,115,550,2.47
79,3,226,0.46
79,4,548,1.11
79,22,46,0.06
79,23,0,0
79,68,1,0
79,69,192,0.82
79,70,849,2.98
79,75,11,0.04
79,76,24,0.08
79,87,400,1.73
79,88,87,0.38
79,114,0,0
79,115,400,1.8
80,4,579,1.17
80,18,17,0.06
80,22,1346,1.85
80,23,0,0
80,41,565,1.97
80,42,639,2.22
80,43,78,0.27
80,65,332,1.41
80,68,363,1.55
80,69,1219,5.19
80,77,102,0.36
80,80,215,0.93
80,87,112,0.48
80,101,599,2.93
80,102,879,4.3
80,103,146,0.71
81,16,452,1.47
81,17,872,2.83
81,18,625,2.03
81,19,29,0.09
81,20,418,0.57
81,22,106,0.15
81,29,35,0.05
81,30,659,1.4
81,41,381,1.33
81,68,114,0.49
81,69,275,1.17
81,70,283,0.99
81,79,0,0
81,80,448,1.94
81,81,0,0
81,101,201,0.98
81,102,16,0.08
82,6,1,0
82,16,293,0.95
82,17,2057,6.68
82,19,15,0.05
82,20,134,0.18
82,29,0,0
82,30,421,0.89
82,36,88,0.19
82,42,387,1.35
82,43,13,0.05
82,60,27,0.11
82,65,5,0.02
82,68,0,0
82,78,0,0
82,79,76,0.27
82,80,446,1.93
83,16,587,1.91
83,17,880,2.86
83,29,131,0.18
83,30,143,0.3
83,35,848,1.8
83,36,662,1.4
83,59,127,0.79
83,60,403,1.72
83,68,0,0
83,69,384,1.63
83,72,53,0.19
83,73,1166,4.1
83,79,6,0.02
83,80,307,1.33
83,90,948,4.46
83,91,332,1.56
83,92,0,0
83,110,118,0.53
83,111,272,1.22
84,17,0,0
84,29,389,0.53
84,30,475,1.01
84,31,0,0
84,35,17,0.04
84,36,96,0.2
84,59,38,0.24
84,60,874,3.72
84,61,59,0.25
84,66,31,0.13
84,67,196,0.83
84,72,394,1.39
84,73,691,2.43
84,89,150,0.65
84,90,728,3.42
84,91,1194,5.61
84,92,201,0.95
84,110,420,1.88
85,36,0,0
85,37,176,0.37
85,60,5,0.02
85,61,798,3.4
85,67,9,0.04
85,68,106,0.45
85,72,538,1.89
85,73,1269,4.46
85,74,444,1.56
85,80,29,0.13
85,81,75,0.32
85,90,0,0
85,91,0,0
86,16,0,0
86,17,13,0.04
86,34,1111,2.35
86,35,0,0
86,36,67,0.14
86,37,128,0.27
86,38,9,0.02
86,68,27,0.11
86,72,259,0.91
86,73,513,1.8
86,80,507,2.19
86,81,206,0.89
86,84,0,0
87,7,10,0.02
87,17,14,0.05
87,27,37,0.05
87,28,272,0.37
87,39,768,1.63
87,73,482,1.69
87,74,5,0.02
88,11,492,0.16
88,12,611,0.2
88,27,18,0.09
88,28,222,1.11
88,30,14,0.1
88,31,447,3.32
88,68,22,0.08
88,69,404,1.54
88,74,394,2.48
88,75,111,0.7
89,11,287,0.09
89,12,1339,0.44
89,28,12,0.06
89,29,35,0.17
89,30,230,1.71
89,42,191,0.37
89,52,136,0.94
89,53,507,3.51
89,68,1242,4.75
89,69,174,0.67
89,75,2,0.01
89,77,210,1.32
89,108,310,1.03
90,11,0,0
90,12,337,0.11
90,28,14,0.07
90,29,706,3.53
90,30,350,2.6
90,39,297,2.21
90,40,473,0.91
90,42,134,0.26
90,47,770,1.48
90,48,109,0.21
90,52,0,0
90,53,224,1.55
90,74,381,2.39
90,75,642,4.04
90,76,3,0.02
90,105,37,0.12
90,106,27,0.09
90,107,291,0.97
90,108,576,1.91
90,109,337,1.12
91,25,48,0.24
91,29,519,2.59
91,30,327,2.43
91,44,434,0.83
91,74,258,1.62
91,75,367,2.31
91,76,0,0
91,77,5,0.03
91,105,96,0.32
91,106,1606,5.33
91,107,969,3.21
92,29,279,1.39
92,71,28,0.18
92,78,257,1.62
92,79,223,1.4
92,81,644,4.04
92,82,447,2.8
92,92,117,0.39
93,28,2,0.01
93,42,615,1.18
93,43,1304,2.5
93,44,1151,2.21
93,45,2,0
93,71,72,0.45
93,79,250,1.57
93,80,866,5.43
93,81,261,1.64
93,91,347,1.15
93,92,1027,3.4
93,93,51,0.17
93,94,175,0.58
93,95,61,0.2
94,30,90,0.67
94,33,1077,8
94,45,546,1.05
94,70,35,0.22
94,71,37,0.23
94,79,142,0.89
94,80,1,0.01
94,81,290,1.82
94,91,11,0.04
94,92,1251,4.14
94,93,406,1.34
94,94,344,1.14
94,95,2426,8.02
94,96,1263,4.18
94,97,137,0.45
94,119,69,0
94,120,240,1.05
95,4,240,0.9
95,5,626,2.35
95,29,69,0.34
95,30,403,3
95,31,12,0.09
95,33,84,0.62
95,69,42,0.16
95,70,32,0.2
95,79,15,0.09
95,81,316,1.98
95,92,0,0
95,93,103,0.34
95,94,484,1.6
95,95,77,0.25
95,96,396,1.31
95,120,107,0.47
95,121,164,0.72
95,127,38,0.17
96,4,645,2.42
96,5,351,1.32
96,29,286,1.43
96,31,318,2.36
96,69,131,0.5
96,78,19,0.12
96,79,35,0.22
96,80,726,4.56
96,81,52,0.33
96,83,0,0
96,92,18,0.06
96,93,295,0.98
96,94,140,0.46
96,120,30,0.13
96,121,616,2.7
96,122,474,2.07
96,123,249,1.09
96,124,80,0.35
96,125,345,1.51
96,126,816,3.57
96,127,706,3.09
97,1,4,0.02
97,21,0,0
97,29,392,1.96
97,30,0,0
97,32,522,3.88
97,69,78,0.3
97,70,254,1.6
97,71,18,0.11
97,78,1,0.01
97,79,823,5.17
97,80,1940,12.17
97,81,139,0.87
97,82,381,2.39
97,83,385,2.42
97,84,354,2.22
97,85,529,3.32
97,92,653,2.16
97,93,196,0.65
97,107,518,1.72
97,108,357,1.18
97,124,401,1.75
97,125,220,0.96
97,126,1572,6.88
97,127,332,1.45
98,16,287,0.89
98,17,338,1.05
98,30,21,0.08
98,32,6,0.02
98,33,295,1.17
98,48,699,0.36
98,49,246,0.13
98,69,38,0.04
98,70,163,0.6
98,71,431,1.58
98,79,3734,13.69
98,80,5208,26.74
98,81,1088,5.59
98,82,908,4.66
98,83,0,0
98,84,352,1.81
98,85,546,2.8
98,86,78,0.4
98,106,305,0.83
98,107,1768,4.8
98,108,833,2.26
98,126,131,0.57
98,127,1497,6.47
99,16,82,0.25
99,17,746,2.32
99,30,388,1.53
99,79,1498,5.49
99,80,431,2.21
99,81,78,0.4
99,82,308,1.58
99,83,0,0
99,86,514,2.64
99,90,0,0
99,104,370,1
99,107,338,0.92
99,127,771,3.33
100,65,745,0.73
100,66,43,0.04
100,71,305,1.12
100,104,88,0.24
100,127,1200,5.18
101,2,136,1.13
101,11,79,0.25
101,33,0,0
101,34,19,0.08
101,58,46,0.17
101,65,38,0.04
101,66,1375,1.34
101,67,456,0.45
101,71,304,1.11
101,84,225,1.16
101,103,0,0
101,104,8,0.02
101,127,728,3.15
102,4,68,0.57
102,5,265,2.21
102,11,59,0.18
102,12,920,2.86
102,13,46,0.14
102,40,9,0
102,66,348,0.34
102,67,24,0.02
102,76,273,1
102,77,1265,4.64
102,103,1979,5.37
102,104,1391,3.78
102,105,0,0
102,127,444,1.92
103,12,363,1.13
103,13,1267,3.93
103,25,403,2.35
103,34,120,0.47
103,40,28,0.01
103,76,5,0.02
103,77,67,0.25
103,78,667,2.45
103,80,642,3.3
103,103,167,0.45
103,104,1471,3.99
103,105,165,0.45
104,23,121,0.71
104,24,356,2.08
104,25,219,1.28
104,26,4,0.02
104,41,7,0
104,52,8,0.03
104,53,363,1.34
104,76,269,0.99
104,87,47,0.24
104,88,583,2.99
104,103,682,1.85
105,22,4,0.02
105,23,528,3.08
105,25,116,0.68
105,29,386,2.25
105,30,40,0.16
105,31,233,0.92
105,32,0,0
105,55,203,0.75
105,82,176,0.9
105,83,208,1.07
106,22,561,3.28
106,23,158,0.92
106,28,346,2.02
106,30,823,3.26
106,31,682,2.7
106,44,0,0
106,54,243,0.89
106,55,1820,6.7
106,82,263,1.35
106,83,911,4.68
106,110,23,0
106,111,3,0
107,1,11,0.09
107,21,0,0
107,22,395,2.31
107,30,3,0.01
107,31,151,0.6
107,43,30,0.02
107,44,942,0.48
107,54,66,0.24
107,55,734,2.7
107,56,544,2
107,57,46,0.17
107,72,128,0.47
107,73,984,3.61
107,82,41,0.21
107,83,637,3.27
107,107,12,0.03
107,110,92,0
107,111,125,0
107,124,104,0.45
108,30,714,4.38
108,31,715,4.38
108,44,0,0
108,56,523,3.46
108,57,322,2.13
108,73,1161,0.99
108,82,35,0.11
108,83,465,1.4
108,107,236,1.02
108,110,550,0.98
108,111,21,0.04
108,112,540,0.96
109,47,296,0
109,55,840,5.56
109,56,7,0.05
109,67,283,0.41
109,73,6,0.01
109,106,0,0
109,107,58,0.25
109,108,18,0.08
109,110,12,0.02
109,112,2,0
110,18,93,0.68
110,47,558,0
110,48,16,0
110,68,54,0.08
110,105,2,0.01
111,11,964,7.02
111,17,0,0
111,18,1502,10.93
111,21,49,0.17
111,25,45,0.16
111,26,175,0.61
111,57,87,0.58
111,104,116,0.5
111,105,85,0.37
112,10,45,0.33
112,11,1939,14.11
112,12,47,0.34
112,17,110,0.8
112,18,652,4.74
112,19,445,3.24
112,21,461,1.6
112,26,323,1.12
112,27,169,0.59
112,31,132,0.81
112,57,149,0.99
113,10,8,0.06
113,11,1157,8.42
113,12,0,0
113,19,272,1.98
113,21,79,0.27
113,22,231,0.8
113,26,327,1.14
113,27,60,0.21
113,37,43,0.26
113,61,239,0.35
113,69,841,1.22
113,92,51,0.16
113,93,30,0.09
113,96,6,0.02
114,0,80,0.33
114,1,11,0.04
114,11,726,5.28
114,17,39,0.28
114,18,414,3.01
114,19,544,3.96
114,20,831,2.89
114,21,296,1.03
114,22,95,0.33
114,24,192,0.67
114,25,278,0.97
114,26,319,1.11
114,27,319,1.11
114,30,65,0.4
114,33,481,2.95
114,57,281,1.86
114,58,172,1.14
114,59,301,1.99
114,69,84,0.12
114,92,97,0.3
114,93,1446,4.41
114,94,75,0.23
114,103,5,0.02
114,106,143,0.62
114,107,0,0
115,0,397,1.62
115,1,634,2.58
115,10,59,0.43
115,11,1283,9.34
115,12,554,4.03
115,26,798,2.77
115,27,1801,6.25
115,28,2,0.01
115,33,546,3.35
115,34,418,2.56
115,39,35,0.21
115,57,1,0.01
115,58,622,4.12
115,59,1599,10.59
115,60,565,0.82
115,93,73,0.22
115,94,166,0.51
115,103,265,1.15
115,104,710,3.07
115,105,1009,4.37
115,106,553,2.39
115,124,84,0.33
115,125,75,0.29
116,0,259,1.05
116,1,99,0.4
116,2,669,2.72
116,9,536,2.18
116,10,1948,14.18
116,11,1318,9.59
116,12,306,2.23
116,13,176,1.28
116,27,61,0.21
116,34,699,4.29
116,35,10,0.06
116,37,21,0.13
116,38,568,3.48
116,57,17,0.11
116,58,793,5.25
116,59,359,2.38
116,87,30,0.09
116,92,130,0.4
116,93,562,1.71
116,94,18,0.05
116,104,807,3.49
116,105,386,1.67
116,124,344,1.33
116,125,781,3.02
117,2,1487,6.05
117,3,986,4.01
117,7,0,0
117,8,0,0
117,11,612,4.45
117,12,504,3.67
117,13,58,0.42
117,14,57,0.41
117,15,162,1.18
117,16,771,5.61
117,37,212,1.3
117,38,234,1.43
117,57,73,0.48
117,58,634,4.2
117,59,1074,7.11
117,86,1448,4.37
117,87,9,0.03
117,93,498,1.52
117,94,374,1.14
117,95,73,0.22
117,96,6,0.02
117,105,1003,4.34
117,106,148,0.64
118,1,0,0
118,2,919,8.05
118,8,399,3.5
118,9,142,1.24
118,10,187,1.2
118,11,434,2.78
118,12,1520,9.74
118,13,135,0.87
118,14,999,6.4
118,15,1133,7.26
118,34,50,0.18
118,36,238,0.87
118,37,746,2.74
118,38,1,0
118,59,329,1.36
118,86,180,1.69
118,87,161,1.51
118,88,299,2.8
118,94,9,0.03
118,105,12,0.07
118,106,6,0.04
119,11,308,1.97
119,12,1806,11.58
119,13,4434,28.43
119,14,4462,28.6
119,15,5680,36.41
119,17,1155,7.4
119,18,137,0.88
119,34,393,1.44
119,36,262,0.96
119,37,19,0.07
119,38,1370,5.03
119,51,2,0.01
119,59,377,1.56
119,96,478,1.33
119,97,0,0
119,110,285,1.1
119,111,8,0.03
120,12,262,1.68
120,13,2124,13.62
120,14,3275,21
120,15,2819,18.07
120,17,2933,18.8
120,18,1179,7.56
120,19,690,4.42
120,36,333,1.22
120,37,814,2.99
120,38,76,0.28
120,39,379,1.39
120,50,14,0.06
120,60,268,1.99
120,96,183,0.51
120,109,904,5.39
120,110,780,3.01
120,111,1052,4.06
121,12,2159,13.84
121,13,1753,11.24
121,14,1946,12.48
121,15,1215,7.79
121,16,101,0.65
121,17,230,1.47
121,18,2135,13.69
121,19,572,3.67
121,26,74,0.05
121,45,12,0.29
121,51,0,0
121,52,0,0
121,60,131,0.97
121,110,53,0.2
121,111,248,0.96
121,127,68,0.14
122,2,120,1.05
122,10,0,0
122,11,201,1.29
122,12,1207,7.74
122,13,360,2.31
122,14,1750,11.22
122,15,0,0
122,17,2689,17.24
122,18,504,3.23
122,19,362,2.32
122,26,942,0.59
122,40,58,1.41
122,43,10,0.24
122,52,650,2.69
122,97,10,0.03
122,98,451,1.26
122,108,310,1.85
122,127,1330,2.65
123,9,246,2.16
123,10,701,4.49
123,11,210,1.35
123,12,240,1.54
123,13,0,0
123,14,665,4.26
123,15,180,1.15
123,17,654,4.19
123,18,31,0.2
123,97,1582,4.41
123,98,750,2.09
123,107,0,0
123,108,813,4.84
124,10,61,0.39
124,12,1,0.01
124,14,481,3.08
124,15,283,1.81
124,48,2,0.05
124,49,0,0
124,53,68,0.28
124,54,259,1.07
124,59,97,0.4
124,60,259,1.93
124,98,152,0.42
124,99,10,0.03
124,116,294,1.14
124,118,14,0.05
125,15,331,2.12
125,16,177,1.13
125,56,153,0.63
125,57,3,0.01
125,59,2,0.01
125,60,14,0.1
125,98,111,0.31
125,99,898,2.5
125,108,19,0.11
125,109,986,5.87
125,115,0,0
125,116,455,1.76
125,117,230,0.89
125,118,300,1.16
125,126,154,0.31
125,127,1213,2.42
126,14,154,0.99
126,15,705,4.52
126,16,15,0.1
126,17,531,3.4
126,18,275,1.76
126,56,738,3.05
126,57,212,0.88
126,116,706,2.73
126,117,1439,5.56
126,121,41,0.08
126,122,1113,2.22
126,123,161,0.32
126,125,182,0.36
126,126,30,0.06
126,127,1602,3.19
127,14,766,4.91
127,15,1273,8.16
127,16,14,0.09
127,17,6,0.04
127,18,1473,9.44
127,21,593,0.37
127,30,221,0.81
127,73,964,5
127,98,30,0.08
127,101,0,0
127,102,307,1.83
127,112,1045,4.04
127,117,80,0.31
127,121,593,1.18
127,122,540,1.08
127,125,112,0.22
127,126,757,1.51
127,127,347,0.69
