x,y,residential_floor_area,TOT_P_2021
0,0,203,1.58
0,1,0,0
0,6,7868,58.88
0,7,9725,72.78
0,8,9496,71.06
0,9,3435,25.71
0,10,2044,12.31
0,11,561,3.37
0,13,40,0.24
0,20,4321,30.1
0,21,4243,29.57
0,22,4922,34.29
0,23,2781,19.37
0,31,113,0.77
0,32,1337,9.1
0,34,1395,9.5
0,4,350,2.72
0,5,205,1.53
0,42,1470,8.93
0,43,844,5.13
0,76,1218,1.24
0,75,343,0.35
1,4,1552,12.05
1,5,2931,21.93
1,6,8940,66.91
1,7,4520,33.83
1,8,10120,75.73
1,9,5673,42.46
1,10,2489,14.99
1,20,7612,53.05
1,21,15519,108.13
1,22,6438,44.85
1,23,2141,14.92
1,40,204,1.24
1,41,596,3.62
1,42,5155,31.33
1,43,780,4.74
1,91,18,0
2,6,4439,31.97
2,7,6614,47.64
2,8,1511,10.89
2,9,827,5.95
2,11,4,0
2,20,63,0.53
2,21,2898,24.46
2,22,3304,27.89
2,4,11,0.07
2,23,1383,11.67
2,41,1276,8.3
2,42,3444,22.41
2,43,668,4.34
2,44,22,0.14
2,61,0,0
2,62,0,0
3,6,6784,48.86
3,7,575,4.14
3,21,36,0.3
3,22,1247,10.53
3,23,1729,14.59
3,4,582,3.75
3,5,1961,14.13
3,9,172,1.24
3,42,954,6.21
3,43,287,1.87
3,44,4,0.03
3,61,238,1.32
3,62,319,1.76
3,100,0,0
3,96,0,0
3,99,0,0
4,4,303,1.95
4,5,6815,49.08
4,6,10174,73.28
4,7,2857,20.58
4,9,0,0
4,42,518,3.37
4,43,358,2.33
4,61,0,0
4,64,679,3.76
4,65,875,8.3
4,96,0,0
4,99,6462,13.9
4,100,6498,30.27
4,102,3,0.01
4,50,41,0
4,66,0,0
4,67,6,0.06
4,89,34,0
4,97,474,1.02
4,98,1889,4.06
4,101,2376,11.07
5,4,1433,9.23
5,5,5347,38.51
5,6,5825,41.96
5,7,5879,42.34
5,8,0,0
5,27,0,0
5,50,66,0
5,62,2443,13.51
5,63,1509,8.35
5,64,4678,25.85
5,65,40,0.38
5,97,773,1.66
5,98,54,0.12
5,99,576,1.23
5,100,2907,13.54
5,101,875,4.08
5,112,0,0
5,113,864,2.88
5,60,0,0
5,61,271,1.5
5,69,7,0.07
5,96,0,0
5,114,33,0.11
6,4,0,0
6,5,1244,8.96
6,6,478,3.44
6,7,2888,20.8
6,8,30,0.22
6,62,201,1.11
6,64,7756,42.86
6,65,2749,26.1
6,94,22,0
6,100,0,0
6,101,3,0.01
6,113,0,0
6,66,535,5.08
6,90,12,0
6,91,40,0
6,92,0,0
6,95,0,0
7,5,537,3.25
7,6,432,2.62
7,7,1257,7.63
7,38,0,0
7,8,983,5.96
7,61,19,1.31
7,64,10,0.69
7,66,0,0
7,95,0,0
7,94,172,1.19
7,102,10,0
8,8,1420,8.61
8,9,602,3.65
8,36,1706,8.65
8,37,2245,11.4
8,38,1873,9.51
8,22,0,0
8,23,0,0
8,53,307,0
8,54,0,0
8,92,1603,11.08
8,93,1823,12.6
8,94,1786,12.34
8,57,17,0
9,8,706,4.28
9,22,0,0
9,23,0,0
9,36,1218,6.18
9,37,9108,46.23
9,38,10648,54.04
9,39,640,3.25
9,10,25,0
9,24,512,3.9
9,25,0,0
9,34,0,0
9,35,0,0
9,40,1164,5.89
9,92,4758,32.89
9,93,5344,36.93
9,95,0,0
9,96,0,0
9,69,26,0
10,4,4,0
10,23,1096,8.35
10,24,2453,18.69
10,26,14,0
10,36,234,1.18
10,37,7016,35.61
10,38,676,3.43
10,39,2901,14.71
10,35,0,0
10,40,418,2.11
10,41,0,0
10,93,4156,28.72
10,92,105,0.73
10,94,0,0
11,20,107,0.82
11,22,362,2.76
11,23,1966,14.98
11,24,805,6.13
11,35,0,0
11,36,0,0
11,37,1645,8.34
11,39,1080,5.48
11,21,1887,14.37
11,102,15,0
11,90,220,1.52
11,91,0,0
12,4,20,0
12,21,1183,7.56
12,22,6017,38.48
12,23,8722,55.78
12,24,779,4.98
12,35,61,0.42
12,37,696,4.78
12,38,532,3.66
12,87,5,0.03
12,88,1473,9.79
12,90,806,3.89
12,120,0,0
12,62,24,0
12,85,754,5.01
12,89,218,1.45
12,91,85,0.41
12,92,51,0.25
13,22,1413,9.03
13,23,359,2.29
13,24,752,4.81
13,34,61,0
13,36,20,0.14
13,37,2,0.01
13,85,10,0.07
13,88,499,3.32
13,89,926,6.15
13,90,8283,40.01
13,91,4831,23.33
13,92,796,3.84
13,102,422,2.5
13,104,1602,9.46
13,105,290,6
14,24,8,0.05
14,43,136,0
14,90,10368,50.06
14,91,5351,25.85
14,92,2115,10.22
14,102,1553,9.17
14,103,1674,9.89
14,104,917,5.41
14,123,0,0
14,93,48,0.23
14,101,38,0.22
14,120,327,1.59
14,121,46,0.23
14,122,272,1.33
14,124,439,2.14
15,27,1,0
15,28,9,0
15,66,0,0
15,89,0,0
15,90,38,0.18
15,91,4952,23.92
15,92,453,2.19
15,93,35,0.17
15,101,0,0
15,102,3137,18.54
15,103,5837,34.49
15,104,16,0.09
15,120,112,0.54
15,121,2869,14.01
15,122,7565,36.95
15,123,8019,39.16
15,124,2324,11.35
15,74,0,0
15,88,16,0.11
16,11,63,0
16,87,10,0.07
16,90,78,0.38
16,91,1260,6.09
16,101,1653,9.76
16,102,2928,17.29
16,103,3053,18.04
16,104,20,0.12
16,121,6524,31.86
16,122,11989,58.55
16,123,1273,6.21
16,124,0,0
16,73,529,0
16,120,13,0.06
17,11,0,0
17,8,555,3.5
17,12,0,0
17,73,99,0
17,87,8,0
17,100,196,2.62
17,101,0,0
17,102,0,0
17,103,283,3.79
17,104,23,0.31
17,121,697,3.94
17,122,2151,12.16
17,123,301,1.7
17,60,13,0
17,98,16,0
18,6,118,0.74
18,7,1337,8.45
18,8,169,1.07
18,11,0,0
18,12,0,0
18,15,497,2.16
18,16,0,0
18,37,0,0
18,14,135,0.88
18,33,15,0.12
18,92,12,0.15
18,93,5,0.06
18,123,102,0.58
18,102,21,0.28
18,121,0,0
18,122,12,0.06
19,6,238,1.5
19,8,128,0.81
19,13,1184,7.75
19,14,191,1.25
19,15,205,0.89
19,16,0,0
19,35,665,3.81
19,36,1664,9.53
19,11,135,0.88
19,12,230,1.51
19,37,154,0.88
19,45,273,0
19,84,106,0
19,94,8,0.1
19,121,29,0.16
19,51,27,0.13
19,126,0,0
20,7,647,4.09
20,8,5504,34.78
20,9,3457,21.84
20,11,2120,13.87
20,12,4174,27.31
20,13,1964,12.85
20,35,4225,24.19
20,36,7886,45.17
20,37,5682,32.55
20,38,387,2.21
20,10,429,2.81
20,14,152,1
20,34,117,0.93
20,52,12,0.06
20,53,123,0.6
20,92,45,0.56
20,56,19,0
20,97,14,0
21,8,3085,19.49
21,9,4388,27.72
21,10,3439,22.49
21,12,4078,26.67
21,13,9077,59.37
21,15,1372,5.96
21,34,373,2.95
21,35,5947,34.06
21,36,6155,35.25
21,37,1542,8.83
21,11,548,3.59
21,14,885,5.79
21,38,439,2.51
21,94,10,0.12
21,124,598,3.39
21,125,3108,16
21,42,11,0
21,51,584,2.85
21,52,277,1.35
22,8,1,0.01
22,10,697,3.96
22,11,7117,40.39
22,12,12634,71.72
22,13,5663,32.14
22,14,1295,7.35
22,34,0,0
22,35,4906,25.85
22,36,992,5.22
22,37,499,2.63
22,38,422,2.22
22,3,173,2.18
22,6,4,0.03
22,48,1282,11.16
22,49,2878,25.05
22,51,5700,27.13
22,52,5317,25.3
22,53,659,3.14
22,124,4227,14.79
22,125,3089,12.24
22,50,946,4.5
23,3,43,0.54
23,5,166,1.33
23,6,3522,28.16
23,7,1413,11.29
23,9,2737,21.88
23,10,3920,22.25
23,11,4247,24.1
23,12,3724,21.14
23,13,8320,47.22
23,14,791,4.49
23,8,563,4.5
23,47,25,0.22
23,48,4081,35.52
23,49,4901,42.66
23,50,3975,18.92
23,51,3952,18.81
23,52,9634,45.85
23,53,4772,22.72
23,124,1204,4.21
23,125,0,0
23,95,26,0
24,5,40,0.32
24,6,1184,9.47
24,7,710,5.67
24,8,4101,32.79
24,9,3055,24.42
24,10,1478,8.39
24,11,1250,7.1
24,12,4040,22.92
24,13,3448,19.56
24,14,3923,22.26
24,35,143,0.75
24,36,242,1.27
24,2,261,3.28
24,49,1847,16.08
24,50,10949,52.11
24,51,7788,37.07
24,52,7044,33.53
24,53,3022,14.39
24,54,2636,12.54
24,104,766,6.33
24,95,4,0
25,8,142,1.14
25,9,249,1.99
25,10,1530,8.68
25,11,4199,23.83
25,12,5672,32.19
25,13,2761,15.68
25,14,2024,11.49
25,20,15,0
25,36,9,0.05
25,49,0,0
25,50,3424,16.29
25,51,2078,9.89
25,52,953,4.53
25,53,19,0.09
25,86,32,0
25,103,428,3.54
25,105,4261,12.49
25,106,2289,6.71
25,104,92,0.76
26,10,1044,5.93
26,11,919,5.22
26,12,3922,22.26
26,13,3929,22.29
26,14,2363,13.41
26,15,613,2.57
26,16,961,4.04
26,17,328,1.38
26,49,0,0
26,50,468,2.23
26,51,614,2.92
26,103,19,0.16
26,105,714,2.09
26,106,586,1.72
26,127,347,1.37
26,47,380,3.31
26,104,388,3.21
27,11,542,3.5
27,12,1316,8.5
27,15,429,2.35
27,17,1551,8.49
27,18,150,0.82
27,46,0,0
27,47,0,0
27,92,0,0
27,42,6,0
27,93,0,0
27,95,3,0.02
28,12,0,0
28,15,1444,7.9
28,16,4844,26.5
28,17,2736,14.97
28,18,4961,27.14
28,5,16,0
28,14,184,1.19
28,42,18,0
28,94,61,0.39
28,96,31,0.24
28,127,7,0
28,48,838,1.86
28,95,1,0.01
29,14,4951,31.99
29,15,5117,28
29,16,12302,67.33
29,17,7791,42.64
29,18,5376,29.42
29,19,2957,16.18
29,94,1846,11.89
29,96,205,1.62
29,95,287,2.26
29,97,346,2.73
30,13,1117,7.22
30,14,3804,24.57
30,15,4718,25.81
30,16,4893,26.78
30,17,1712,9.37
30,19,30,0.16
30,20,294,4.12
30,21,205,2.88
30,86,10,0
30,93,2874,18.52
30,94,2436,15.7
30,109,446,2.77
30,110,0,0
30,48,0,0
30,56,4,0
30,91,30,0.19
30,92,15,0.1
30,98,5,0.04
30,111,84,0.42
30,122,0,0
30,123,3,0
31,14,5,0.03
31,15,837,4.58
31,16,3500,19.15
31,17,72,0.39
31,91,1244,8.01
31,92,7435,47.88
31,93,14001,90.18
31,94,1261,8.13
31,98,2,0.02
31,108,1063,6.62
31,109,5399,33.6
31,110,7614,38.05
31,47,62,0.14
31,62,38,0
31,90,0,0
31,95,8,0.06
31,111,1506,7.53
31,112,0,0
32,16,5043,25.92
32,15,1,0.01
32,20,10,0
32,30,0,0
32,32,522,2.98
32,33,320,1.82
32,62,41,0
32,90,0,0
32,91,631,3.58
32,92,5060,28.7
32,93,8811,49.97
32,94,4075,23.11
32,108,75,0.48
32,109,4456,28.33
32,110,5638,30.07
32,111,3192,17.02
32,112,674,3.59
32,120,15,0
32,66,64,0
32,95,7,0.15
33,16,283,1.45
33,30,4,0.02
33,31,1304,7.44
33,32,4496,25.68
33,33,3229,18.43
33,27,623,3.64
33,28,348,2.03
33,91,195,1.11
33,92,750,4.25
33,93,1437,8.15
33,94,4232,24
33,95,60,1.26
33,110,257,1.37
33,112,1186,6.32
33,124,8,0
33,125,15,0
33,111,2,0.01
33,117,11,0
34,27,359,2.1
34,28,511,2.99
34,29,3292,19.24
34,30,5575,31.84
34,31,6849,39.1
34,32,8202,46.83
34,33,2970,16.97
34,34,2249,12.84
34,64,11,0
34,70,12,0
34,94,550,3.12
34,58,812,4.64
34,109,31,0.2
34,110,301,1.61
35,30,1085,6.2
35,31,5741,32.78
35,32,3283,18.75
35,33,2862,16.33
35,34,1832,10.46
35,57,2214,12.64
35,58,3479,19.87
35,68,14,0
35,69,4,0
35,95,266,5.59
35,59,44,0.25
36,30,51,0.29
36,31,1126,6.43
36,32,2672,15.26
36,33,1147,6.54
36,17,881,4.52
36,18,214,1.1
36,35,0,0
36,57,2515,14.36
36,58,10800,61.68
36,59,2899,16.55
36,96,0,0
36,66,0,0
36,118,7,0
37,14,7,0
37,16,2420,17.69
37,17,5467,39.97
37,18,3218,23.53
37,27,44,0
37,31,332,3.1
37,32,1097,10.24
37,15,39,0.29
37,19,189,1.38
37,56,477,2.47
37,57,6568,33.98
37,58,10717,55.44
37,59,1931,9.99
37,110,1117,1.76
37,65,0,0
37,97,27,0.53
37,98,39,0.77
37,107,1394,14.06
37,108,2005,20.23
37,109,1520,15.33
37,112,0,0
37,113,0,0
37,114,0,0
38,8,37,0
38,15,5,0.04
38,16,3114,22.76
38,17,4034,29.5
38,18,1923,14.06
38,31,54,0.5
38,9,29,0
38,19,103,0.75
38,56,659,3.41
38,57,1327,6.87
38,58,8834,45.7
38,59,1183,6.12
38,65,996,4.03
38,66,883,3.57
38,80,6,0
38,97,19,0.38
38,107,1566,15.8
38,108,6080,61.35
38,109,5870,59.22
38,110,967,1.52
38,112,0,0
38,113,0,0
38,55,6,0.03
38,63,38,0.2
38,71,8,0
38,106,88,0.89
39,13,110,0
39,14,289,0
39,16,487,3.56
39,17,477,3.49
39,31,6,0.06
39,57,25,0.13
39,58,747,3.86
39,59,771,3.99
39,63,148,0.77
39,64,1874,9.79
39,65,9722,39.35
39,66,3242,13.12
39,99,13,0.26
39,101,0,0
39,102,23,0.15
39,106,972,9.8
39,107,1758,17.73
39,108,5605,56.54
39,109,3491,35.22
39,110,457,0.72
39,44,0,0
39,75,31,0
39,105,0,0
39,121,109,0.66
40,36,194,0
40,32,0,0
40,34,2,0.02
40,43,847,6.5
40,44,2645,20.3
40,64,896,4.69
40,65,2135,8.64
40,66,5610,22.71
40,90,0,0
40,91,0,0
40,100,4,0.03
40,104,0,0
40,105,2,0.02
40,106,899,9.07
40,107,537,5.42
40,108,824,8.31
40,109,0,0
40,110,0,0
40,121,10,0.06
40,42,0,0
40,45,91,0.54
40,67,12,0.05
40,76,144,0
40,103,308,2.06
40,122,216,1.31
41,32,847,7.91
41,34,6,0.06
41,29,3,0
41,30,2367,22.1
41,31,323,3.02
41,44,25,0.19
41,45,4170,24.61
41,46,146,0.86
41,65,77,0.31
41,66,9970,40.35
41,67,953,3.85
41,76,71,0
41,98,54,1.07
41,102,226,1.51
41,103,38,0.25
41,110,0,0
41,111,0,0
41,121,1201,7.27
41,122,2001,12.12
41,124,96,0.58
41,125,14,0
41,62,106,0.55
41,75,7,0
41,126,4,0
42,29,1610,11.1
42,30,4212,34.41
42,31,2526,20.63
42,32,2118,17.3
42,35,3,0
42,28,820,5.66
42,45,8455,57.69
42,46,2429,16.58
42,60,19,0.03
42,66,5552,43.88
42,67,2695,21.3
42,68,113,0.89
42,121,4655,18.11
42,122,8629,33.58
42,123,2537,9.87
42,126,422,2
42,48,20,0.14
42,65,546,4.32
42,99,443,1.94
42,101,245,1.74
42,119,0,0
43,24,7,0.04
43,25,4,0.03
43,28,1847,12.75
43,29,5506,37.99
43,30,2402,19.62
43,31,1709,13.96
43,32,10,0.08
43,41,0,0
43,45,1763,12.03
43,46,6322,43.13
43,47,172,1.17
43,49,1068,7.28
43,65,31,0.25
43,66,1941,15.34
43,67,1065,8.42
43,68,449,3.55
43,86,0,0
43,100,99,0.7
43,120,1952,7.6
43,121,6814,26.52
43,122,646,2.51
43,123,1213,4.72
43,124,0,0
43,50,20,0
43,61,9,0.01
43,83,539,4.3
43,89,396,2.61
43,92,206,0.7
43,94,7,0.02
43,96,342,1.49
43,99,79,0.35
44,27,378,2.61
44,28,553,3.81
44,29,5,0.03
44,30,3521,28.76
44,31,893,7.3
44,19,757,5.08
44,21,0,0
44,45,67,0.46
44,46,368,2.51
44,47,2118,14.45
44,48,4427,30.22
44,49,625,4.27
44,74,333,1.04
44,82,173,1.38
44,83,38,0.31
44,85,682,4.5
44,86,2555,16.82
44,87,934,6.15
44,88,169,1.11
44,89,573,3.78
44,91,709,2.42
44,92,1094,3.73
44,94,5,0.02
44,95,1538,6.72
44,96,298,1.3
44,98,452,1.97
44,99,334,1.46
44,120,701,2.72
44,121,1268,4.94
44,75,0,0
44,90,653,2.23
44,93,260,0.88
45,15,33,0.22
45,19,3181,21.35
45,20,6975,36.69
45,21,0,0
45,30,603,4.92
45,11,293,4
45,16,11,0.07
45,47,11,0.08
45,74,1259,3.95
45,82,3246,25.91
45,83,2323,18.55
45,86,14,0.09
45,88,62,0.41
45,92,9,0.03
45,95,1682,7.35
45,96,1521,6.65
45,97,3681,16.08
45,98,278,1.22
45,120,109,0.43
45,41,672,1.79
45,81,93,0.74
45,104,79,0.56
46,17,192,1.29
46,19,4020,26.98
46,20,6322,33.26
46,21,0,0
46,41,4128,10.98
46,61,695,0.96
46,62,2,0
46,68,5,0.04
46,72,4,0.01
46,81,350,2.79
46,82,4376,34.94
46,83,1480,11.82
46,84,30,0.24
46,85,3173,20.9
46,86,7107,46.81
46,87,719,4.73
46,88,4,0.03
46,90,356,1.21
46,91,912,3.11
46,93,24,0.08
46,95,111,0.48
46,98,0,0
46,40,66,0.18
46,42,20,0.05
46,56,0,0
46,89,11,0.07
46,92,8,0.03
46,94,450,1.53
47,19,4069,31.07
47,20,3447,19.45
47,21,1160,6.55
47,32,62,0
47,15,95,0.73
47,41,2941,19.9
47,42,1359,9.2
47,83,1156,8.47
47,84,3527,25.86
47,85,6234,40.01
47,86,13800,88.57
47,87,1119,7.19
47,89,5900,37.86
47,90,6639,50.99
47,91,6511,50
47,92,1594,12.24
47,93,1897,14.56
47,94,251,1.93
47,117,368,7
47,43,0,0
47,82,3,0.02
47,88,1018,6.54
48,15,489,3.73
48,19,26,0.2
48,17,20,0.15
48,18,14,0.11
48,40,2,0.01
48,41,42,0.29
48,42,1994,13.49
48,43,0,0
48,48,0,0
48,53,12,0
48,82,978,7.17
48,83,2463,18.05
48,84,10291,75.44
48,85,5529,35.48
48,86,11786,75.65
48,87,12942,83.07
48,88,6741,43.27
48,89,5265,33.8
48,90,7133,54.77
48,91,3161,24.27
48,92,3309,25.42
48,93,351,2.7
48,94,115,0.88
48,77,730,9.61
48,78,636,8.37
48,79,203,2.67
48,80,570,4.18
48,81,471,3.45
49,14,1265,7.86
49,15,1540,11.76
49,27,19,0
49,42,15,0.1
49,78,8174,107.61
49,79,7004,92.21
49,80,3418,25.06
49,81,8818,64.64
49,82,2418,17.72
49,83,11878,87.07
49,84,23479,172.11
49,85,22124,142
49,86,44357,284.71
49,87,35518,227.98
49,88,16743,107.46
49,89,8144,52.27
49,90,6120,47
49,92,138,1.06
49,68,81,0.36
49,77,16,0.21
49,95,0,0
49,111,88,0.47
49,112,511,2.74
49,114,514,2.75
50,14,3361,20.86
50,15,1341,10.24
50,16,0,0
50,68,1009,4.43
50,69,1183,5.19
50,70,1118,12
50,77,3132,41.23
50,78,9144,120.39
50,79,3856,50.76
50,80,374,2.74
50,81,4767,34.95
50,82,4317,31.65
50,83,3491,25.59
50,84,4949,36.27
50,85,16966,108.9
50,86,40037,256.98
50,87,15789,101.34
50,88,6087,39.07
50,89,6662,42.76
50,90,6250,48
50,91,320,2.46
50,95,0,0
50,111,1107,5.93
50,112,3297,17.67
50,113,4578,24.53
50,114,2039,10.93
50,65,6,0.03
50,76,13,0.17
51,14,46,0.29
51,15,0,0
51,16,0,0
51,24,0,0
51,38,48,0
51,55,83,0
51,63,602,1
51,76,203,2.67
51,77,1477,19.45
51,78,13161,173.27
51,79,5953,78.38
51,80,224,1.65
51,81,1594,11.69
51,82,147,1.07
51,84,428,3.14
51,85,6839,43.9
51,86,13152,84.42
51,87,3716,23.85
51,88,7143,45.85
51,89,4060,26.06
51,90,356,2.73
51,96,232,1.45
51,111,2731,14.63
51,112,3994,21.4
51,113,6149,32.95
51,97,406,2.55
51,99,0,0
52,0,199,0.23
52,24,0,0
52,1,650,0.77
52,25,1178,7.62
52,26,1078,6.98
52,40,5090,29.98
52,41,618,3.63
52,62,3,0
52,76,651,5.37
52,77,1291,10.65
52,78,1874,15.46
52,79,657,5.42
52,82,1620,12.87
52,83,4636,36.8
52,84,8811,69.95
52,85,2074,13.35
52,86,1235,7.95
52,87,2462,15.85
52,88,5402,34.79
52,89,1807,11.64
52,90,654,6.29
52,96,156,1.84
52,99,0,0
52,111,560,4.59
52,113,0,0
52,114,197,1.61
52,74,849,5.93
52,75,17,0.14
52,97,25,0.3
52,125,110,0.37
52,127,283,0.96
53,24,136,0.93
53,25,4487,29.04
53,26,718,4.65
53,32,23,0
53,34,23,0
53,39,536,1.77
53,19,31,0
53,27,134,0.87
53,38,1296,4.29
53,40,495,2.92
53,41,1122,6.6
53,42,487,2.87
53,73,1193,8.33
53,74,1542,10.77
53,75,1706,14.08
53,76,1718,14.17
53,82,2248,17.84
53,83,5748,45.64
53,84,7077,56.18
53,85,74,0.48
53,86,1667,10.73
53,87,3230,20.79
53,88,3856,24.82
53,89,4776,30.75
53,90,555,5.34
53,114,217,1.78
53,127,4523,15.41
53,80,0,0
53,81,263,2.09
53,91,1126,10.83
53,92,242,2.33
54,24,2187,14.9
54,25,2143,13.87
54,26,6847,44.32
54,27,5711,36.96
54,28,329,2.13
54,38,273,0.9
54,39,5266,17.42
54,23,4,0.03
54,40,0,0
54,42,475,2.79
54,43,1081,6.36
54,55,66,0.38
54,72,362,2.53
54,73,5705,39.83
54,74,6320,44.12
54,75,1536,12.67
54,77,1844,15.22
54,79,2835,23.39
54,80,5385,42.75
54,81,8534,67.74
54,82,3767,29.9
54,83,5026,39.89
54,84,1351,10.73
54,86,2211,14.23
54,87,4022,25.89
54,88,1035,6.67
54,89,5205,33.51
54,90,1017,9.78
54,91,3176,30.54
54,92,581,5.59
54,127,4523,15.41
54,54,98,0.46
54,56,7,0.04
54,57,115,0.65
54,78,2396,19.76
54,121,0,0
55,24,1596,10.87
55,25,4424,28.63
55,26,3006,19.45
55,27,136,0.88
55,38,308,1.02
55,39,415,1.38
55,43,10,0.06
55,45,1486,4.53
55,54,1336,6.26
55,55,4996,28.29
55,56,3614,20.46
55,57,2843,16.1
55,58,43,0.24
55,72,1198,8.36
55,73,2167,15.13
55,75,0,0
55,77,2456,20.26
55,78,6096,50.29
55,79,56,0.46
55,80,524,4.16
55,81,1582,12.56
55,82,1240,9.84
55,83,2893,22.97
55,85,3102,19.97
55,87,3822,24.6
55,89,1820,11.72
55,121,27,0
55,126,183,0.62
55,127,1366,4.65
55,44,65,0.38
55,52,0,0
55,53,0,0
55,76,0,0
55,84,28,0.22
55,88,1,0.01
55,90,405,3.89
55,122,36,0
56,24,628,4.28
56,25,3175,20.54
56,26,6971,45.11
56,27,1841,11.92
56,36,24,0.08
56,35,43,0.14
56,43,815,4.8
56,44,946,5.57
56,45,478,1.46
56,53,14,0.07
56,54,11360,53.22
56,55,13049,73.89
56,56,3717,21.04
56,57,2103,11.91
56,77,1530,12.63
56,78,2188,18.05
56,80,0,0
56,81,28,0.22
56,82,710,5.64
56,87,2614,16.83
56,88,116,0.75
56,89,68,0.43
56,90,942,9.06
56,94,1446,13.91
56,95,73,0.87
56,122,47,0
56,123,73,0
56,83,0,0
56,86,962,6.2
56,92,1086,10.44
56,110,2,0.02
57,26,3594,20.46
57,27,429,2.44
57,1,433,2.33
57,44,88,0.32
57,45,1222,10.45
57,51,478,2.97
57,53,3552,22.07
57,54,8217,51.05
57,55,4739,35.24
57,56,1431,10.64
57,77,10,0
57,78,3,0
57,79,0,0
57,80,71,0
57,81,66,0
57,82,100,0
57,83,0,0
57,84,2,0
57,86,294,2.27
57,87,1884,14.55
57,88,398,3.07
57,90,2803,12.72
57,91,1967,8.92
57,93,0,0
57,109,93,0.43
57,110,42,0.14
57,52,2259,14.03
57,104,9,0.04
57,105,3,0.01
58,1,168,0.9
58,2,1709,9.2
58,22,48,0.43
58,26,885,5.05
58,27,0,0
58,0,688,3.7
58,24,98,0.88
58,28,1078,6.13
58,44,1274,4.68
58,45,169,1.44
58,49,13,0.11
58,51,2112,13.12
58,52,1376,8.55
58,53,1781,11.07
58,54,4345,26.99
58,55,1155,8.59
58,56,475,3.54
58,79,0,0
58,80,35,0
58,81,2,0
58,82,39,0
58,83,2,0
58,84,0,0
58,90,1145,5.19
58,91,1066,4.84
58,48,0,0
58,88,4,0.03
58,114,113,0.38
58,115,921,0
59,2,1334,7.18
59,22,2639,23.61
59,23,1283,11.48
59,24,2420,21.65
59,25,3230,18.39
59,26,6995,39.82
59,27,221,1.26
59,21,131,1.17
59,52,22,0.14
59,78,0,0
59,79,0,0
59,80,627,0
59,81,0,0
59,82,0,0
59,83,1,0
59,84,0,0
59,90,783,3.55
59,91,41,0.19
59,92,1554,7.05
59,94,1411,6.4
59,114,1022,3.47
59,115,4632,0
59,89,9,0.07
59,93,227,1.03
60,0,4421,23.79
60,1,3209,17.27
60,2,4694,25.25
60,3,1215,6.53
60,22,8,0.07
60,23,348,3.12
60,24,3148,28.18
60,25,1560,8.88
60,26,4377,24.92
60,27,1314,7.48
60,7,819,2.12
60,79,0,0
60,92,461,2.1
60,93,4,0.02
60,108,28,0.13
60,115,7,0
60,104,1,0
60,105,0,0
61,0,2571,13.84
61,1,942,5.07
61,2,1621,8.72
61,3,4220,22.71
61,7,1149,2.98
61,23,1094,9.79
61,24,2082,18.63
61,25,707,4.02
61,26,5018,28.57
61,27,5366,30.55
61,4,93,0.5
61,6,142,0.37
61,8,203,0.53
61,28,533,3.03
61,104,3897,18.96
61,105,94,0.43
61,106,0,0
61,102,0,0
62,3,948,3.94
62,4,632,2.63
62,6,167,1.11
62,7,0,0
62,23,559,1.94
62,24,17,0.06
62,26,3761,21.6
62,27,1202,6.9
62,28,43,0.25
62,29,2,0.01
62,32,7,0
62,104,6039,30.68
62,105,3159,16.4
62,87,7,0.04
62,88,10,0.06
62,103,1018,5.17
62,106,242,1.26
63,26,2504,14.38
63,27,3285,18.87
63,6,251,1.67
63,7,1164,7.76
63,28,56,0.32
63,39,163,1.1
63,70,0,0
63,76,1119,9.81
63,77,0,0
63,88,89,0.57
63,98,45,0.14
63,102,407,2.07
63,103,2078,10.56
63,104,7870,39.99
63,105,3676,19.08
63,106,1876,9.74
63,115,125,0.62
63,40,177,0.89
63,69,0,0
63,72,0,0
63,73,0,0
63,75,19,0.17
63,94,54,0
63,97,0,0
63,113,9,0.07
64,6,346,2.31
64,26,4652,26.73
64,27,2386,13.7
64,28,153,0.88
64,39,873,5.87
64,4,25,0.1
64,8,110,0.73
64,25,46,0.26
64,40,2334,11.69
64,41,660,3.31
64,76,1569,13.76
64,77,5924,51.93
64,78,3535,30.99
64,98,907,2.86
64,103,302,1.53
64,104,0,0
64,105,524,2.72
64,106,371,1.93
64,107,357,1.85
64,109,6,0.03
64,114,4126,32.49
64,115,7983,39.69
64,116,496,2.47
64,44,40,0.2
64,67,0,0
64,68,0,0
64,79,0,0
64,86,318,2.03
64,87,30,0.19
64,88,51,0.33
65,8,178,1.19
65,25,121,0.7
65,26,2226,12.79
65,36,0,0
65,37,0,0
65,38,1780,11.98
65,39,750,5.05
65,27,324,1.86
65,40,5425,27.16
65,41,5902,29.55
65,43,120,0.61
65,67,14,0
65,74,38,0
65,75,459,4.03
65,76,3272,28.7
65,77,2873,25.19
65,78,3085,27.05
65,79,1487,13.05
65,80,359,3.13
65,86,5372,34.3
65,88,2700,17.23
65,113,0,0
65,114,1920,15.12
65,115,3229,16.05
65,116,2017,10.03
65,42,1465,7.33
65,56,2,0.01
65,84,0,0
65,85,0,0
65,87,8,0.05
65,89,14,0.09
65,120,0,0
65,121,0,0
66,5,442,2.95
66,6,150,1
66,25,915,5.25
66,26,548,3.15
66,27,398,2.29
66,28,11,0.06
66,3,803,3.33
66,8,191,1.27
66,40,0,0
66,41,2873,14.38
66,42,9776,48.94
66,43,4039,20.22
66,56,520,2.95
66,57,3,0.02
66,64,5,0.03
66,75,0,0
66,76,426,3.73
66,77,99,0.87
66,78,3608,31.63
66,79,4351,38.14
66,80,1928,16.83
66,81,4,0.03
66,85,849,5.42
66,86,5801,37.03
66,87,4536,28.96
66,88,2299,14.68
66,114,549,4.32
66,116,431,2.14
66,120,485,1.93
66,122,6908,27.47
66,44,1548,7.75
66,45,721,5
66,59,5,0.03
66,60,560,2.97
66,69,11,0
66,121,3305,13.14
66,123,114,0.45
67,3,4236,28.26
67,5,69,0.17
67,27,197,0
67,2,1544,10.3
67,9,64,0.16
67,10,84,0
67,24,23,0.34
67,41,3032,17.05
67,42,4548,25.58
67,44,1227,6.9
67,45,2502,16.79
67,57,425,2.85
67,58,660,4.43
67,59,406,2.72
67,60,1361,6.59
67,61,77,0.37
67,75,1473,8.63
67,76,691,4.06
67,77,2807,16.46
67,78,1275,7.48
67,79,4084,23.96
67,80,4111,26.27
67,81,565,3.61
67,85,98,0.66
67,86,8129,54.76
67,87,6167,41.55
67,88,157,1.06
67,120,848,4.45
67,121,2231,11.7
67,122,3528,18.51
67,123,152,0.8
67,46,384,2.58
67,54,22,0.27
67,67,500,2
67,84,0,0
68,2,3522,23.5
68,3,1636,10.91
68,7,0,0
68,8,1688,4.19
68,1,2360,15.75
68,42,364,2.05
68,44,0,0
68,45,2671,17.91
68,46,3442,23.09
68,56,374,2.51
68,57,3847,25.78
68,58,7383,49.48
68,76,593,3.47
68,77,2844,16.67
68,78,2673,15.67
68,79,7507,44.02
68,80,4797,30.65
68,85,588,3.96
68,86,7880,53.07
68,87,3595,24.22
68,122,285,1.5
68,108,142,0.71
68,116,3,0
69,0,164,1.1
69,1,8014,53.47
69,2,1933,12.9
69,8,0,0
69,45,3698,24.8
69,46,6705,44.98
69,47,2831,18.99
69,54,0,0
69,55,349,2.34
69,56,610,4.09
69,57,1955,13.11
69,58,3466,23.22
69,78,622,3.65
69,79,4959,29.08
69,80,1563,9.99
69,85,2427,16.34
69,86,6170,41.56
69,87,3067,20.67
69,59,34,0.23
69,77,0,0
69,107,22,0.11
69,108,182,0.91
69,117,48,0
70,0,6919,46.17
70,1,5133,34.24
70,2,336,2.24
70,6,34,0.08
70,9,392,0.97
70,3,191,1.27
70,44,77,0.44
70,46,4632,31.08
70,47,1324,8.88
70,57,208,1.39
70,58,1596,10.7
70,59,1323,8.87
70,60,6,0.03
70,79,4154,24.36
70,80,2143,13.69
70,85,1751,11.79
70,86,5910,39.81
70,87,1510,10.17
70,107,532,2.67
70,108,7176,35.98
70,78,0,0
70,109,174,0.87
71,0,823,5.49
71,1,6535,43.61
71,2,3565,23.78
71,9,575,1.42
71,12,110,0
71,13,50,0
71,22,112,1.66
71,45,131,0.88
71,56,99,0.66
71,57,838,5.61
71,58,150,1.01
71,64,479,2.32
71,78,229,1.34
71,79,7353,43.13
71,80,4038,25.8
71,85,2267,15.27
71,86,4281,28.83
71,87,4316,29.07
71,88,911,6.13
71,105,200,1
71,108,6185,31.01
71,109,7888,39.55
71,110,1963,8.99
71,111,875,4
71,122,9,0.05
71,52,143,1.73
71,60,144,0.7
71,70,11,0
71,89,9,0.06
71,107,837,4.2
71,112,0,0
72,0,316,2.9
72,1,4428,40.54
72,2,6211,56.86
72,8,492,4.5
72,9,4012,36.71
72,10,2584,18.72
72,12,303,2.19
72,13,178,1.29
72,22,267,0
72,3,3088,28.27
72,6,527,4.82
72,57,2180,18.79
72,58,339,2.92
72,60,266,1.69
72,61,731,4.63
72,64,347,2.2
72,66,0,0
72,78,2226,14.99
72,79,3050,20.53
72,80,2042,13.38
72,82,34,0.22
72,86,420,0.41
72,87,415,0.41
72,88,494,0.49
72,107,1650,9.72
72,108,470,2.77
72,109,3166,18.66
72,110,6880,33.82
72,111,4188,20.59
72,112,0,0
72,73,16,0.08
72,76,7,0.05
72,77,190,1.28
72,105,13,0.08
73,0,1950,17.86
73,1,3341,30.59
73,2,5663,51.85
73,3,5312,48.64
73,7,361,3.31
73,8,1376,12.58
73,9,2276,20.83
73,10,4182,30.29
73,13,286,2.07
73,15,217,0.1
73,16,1430,0.64
73,57,3502,30.19
73,77,342,2.3
73,78,2040,13.74
73,79,822,5.53
73,80,4581,30.03
73,105,49,0.29
73,109,4207,24.8
73,110,4045,19.89
73,111,2669,13.12
73,58,14,0.12
73,59,0,0
73,66,11,0.06
73,87,160,0.16
74,0,255,2.33
74,1,453,4.14
74,2,1110,10.16
74,3,1629,14.91
74,4,7641,69.95
74,5,2446,22.38
74,6,1268,11.6
74,9,896,8.2
74,10,7089,51.34
74,12,2967,21.49
74,16,1,0
74,7,161,1.47
74,11,2333,16.89
74,18,26,0.01
74,66,1947,10.85
74,67,599,3.34
74,77,751,5.06
74,78,4224,28.44
74,79,2934,19.75
74,80,3125,20.49
74,81,2158,14.14
74,87,224,0.22
74,109,3046,17.95
74,110,0,0
74,111,327,1.61
74,112,0,0
74,58,13,0.11
74,65,178,0.99
74,75,0,0
74,76,0,0
74,82,1809,11.86
74,85,24,0.02
74,86,280,0.28
74,113,0,0
74,117,0,0
75,4,1195,10.94
75,5,4803,43.95
75,6,9878,90.39
75,7,5847,53.5
75,9,2378,21.76
75,10,7768,56.26
75,11,9039,65.46
75,12,2619,18.97
75,17,2,0
75,0,647,5.92
75,1,146,1.34
75,55,214,1.85
75,65,1755,9.78
75,66,3541,19.74
75,67,31,0.17
75,76,1396,9.39
75,77,550,3.7
75,78,5384,36.24
75,79,1123,7.56
75,80,4025,26.38
75,81,537,3.52
75,82,2245,14.72
75,83,1199,7.85
75,85,0,0
75,111,0,0
75,113,0,0
75,52,9,0.06
75,53,224,1.52
75,54,1446,9.79
75,64,12,0.08
75,73,27,0.14
75,74,55,0.29
75,75,158,1.06
76,0,1683,15.41
76,5,1129,10.34
76,6,6866,62.82
76,7,9900,90.58
76,8,7591,69.46
76,9,4679,42.82
76,10,13293,96.28
76,11,1061,7.68
76,12,2139,15.48
76,4,43,0.39
76,13,355,2.57
76,16,556,0.25
76,44,146,1
76,45,1427,9
76,54,686,4.64
76,55,2057,17.73
76,57,25,0.22
76,64,672,4.26
76,65,3079,17.16
76,66,5505,30.69
76,68,33,0.18
76,69,0,0
76,70,32,0.16
76,74,3272,17.31
76,75,222,1.5
76,76,2,0.01
76,78,1167,7.86
76,80,70,0.46
76,82,1364,8.94
76,109,126,0.74
76,58,10,0.09
76,62,22,0.14
76,67,3,0.02
77,0,12695,77.43
77,1,4573,27.89
77,2,1625,9.91
77,3,1965,11.98
77,5,751,6.06
77,6,2063,16.65
77,7,9375,75.66
77,8,9663,77.97
77,9,20238,163.32
77,10,19702,159.67
77,11,792,6.42
77,12,1390,11.27
77,13,818,6.63
77,16,24,0.1
77,45,763,0
77,65,6554,41.87
77,66,4213,26.91
77,67,116,0.74
77,73,678,4.68
77,74,1961,13.53
77,75,286,1.53
77,78,237,1.27
77,81,935,6.06
77,82,1895,12.28
77,87,269,1.62
77,57,0,0
77,64,730,5.02
77,77,368,1.98
77,91,0,0
78,0,2963,18.08
78,1,4570,27.87
78,2,7253,44.24
78,3,5744,35.03
78,4,1843,11.24
78,5,1002,8.08
78,6,6192,49.96
78,7,11317,91.33
78,8,27413,221.22
78,9,28387,229.08
78,10,8275,67.07
78,11,3788,30.71
78,12,2577,20.88
78,13,4599,37.28
78,16,9,0.04
78,57,0,0
78,64,5290,36.35
78,65,8074,51.58
78,66,4118,26.29
78,73,1463,10.1
78,74,3879,26.77
78,75,1769,9.5
78,77,80,0.43
78,81,8,0.05
78,91,109,0.12
78,63,14,0.1
78,67,522,3.33
78,68,308,1.96
78,76,4,0.02
78,79,417,2.24
78,82,497,3.22
78,88,235,1.41
79,0,1800,10.98
79,1,364,2.22
79,2,411,2.51
79,3,2008,12.25
79,4,2958,18.05
79,5,466,3.75
79,6,7705,62.18
79,7,6092,49.16
79,8,17062,137.68
79,9,2613,21.08
79,10,544,4.41
79,11,1303,10.56
79,12,3258,26.41
79,13,2692,21.82
79,15,181,0.79
79,16,341,1.49
79,14,103,0.83
79,63,2833,19.47
79,64,307,2.11
79,65,1311,8.38
79,66,3193,20.39
79,67,4194,26.79
79,68,125,0.8
79,74,3011,20.79
79,75,354,1.9
79,80,776,5.03
79,82,2307,14.95
79,89,675,4.05
79,90,114,0.13
79,43,0,0
79,44,12,0.03
79,62,0,0
79,73,17,0.12
79,78,24,0.13
79,88,54,0.32
80,1,1334,8.14
80,3,479,2.93
80,4,1033,6.3
80,5,231,1.86
80,6,1576,12.72
80,7,582,4.7
80,8,8878,71.65
80,9,351,2.83
80,19,1349,5.9
80,24,1141,9.45
80,0,5,0.03
80,20,7,0.06
80,23,566,4.69
80,59,1625,13.36
80,60,0,0
80,61,0,0
80,62,2230,15.33
80,63,839,5.78
80,65,283,1.81
80,66,1432,9.15
80,73,1509,10.41
80,74,608,4.2
80,81,93,0.6
80,82,1433,9.29
80,88,903,5.43
80,89,301,1.81
80,40,51,0.12
80,55,83,0.68
80,56,12,0.1
80,57,19,0.16
80,58,308,2.53
80,64,15,0.1
80,83,0,0
80,84,1543,10
80,86,447,2.69
80,87,1729,10.39
80,92,882,0.99
80,114,90,0.49
81,1,1458,8.9
81,2,2738,16.7
81,3,225,1.37
81,6,3142,25.35
81,7,1978,15.97
81,8,673,5.43
81,9,33,0.27
81,11,8,0.06
81,19,157,0.69
81,23,808,6.69
81,24,3271,27.1
81,32,471,1.16
81,18,0,0
81,30,341,0.84
81,40,348,0.85
81,51,7,0
81,56,539,4.43
81,57,802,6.59
81,58,2475,20.34
81,59,101,0.83
81,61,0,0
81,62,3158,21.7
81,63,9,0.06
81,73,206,1.42
81,82,457,2.96
81,83,2771,17.95
81,84,3488,22.61
81,85,651,3.91
81,86,224,1.35
81,87,1958,11.77
81,88,207,1.24
81,92,126,0.14
81,93,555,0.62
81,114,5586,30.52
81,115,46,0
81,97,1388,1
81,113,0,0
82,2,1925,7.64
82,6,1461,5.03
82,7,3029,10.43
82,16,20,0.12
82,23,7096,36.92
82,24,11876,61.81
82,25,4811,28.68
82,27,502,2.99
82,29,781,4.66
82,1,2,0.01
82,18,1,0.01
82,19,4,0.02
82,54,810,0
82,62,286,3
82,87,676,4.62
82,88,1076,7.36
82,113,3894,17.61
82,114,13156,59.54
82,115,645,2.49
82,53,27,0
82,90,483,1.88
82,110,776,3.51
82,111,3,0.01
83,0,2167,8.59
83,2,186,0.74
83,9,0,0
83,17,314,1.87
83,22,3240,16.87
83,23,2551,13.27
83,24,7428,38.66
83,25,4265,25.42
83,26,4270,25.45
83,27,996,5.94
83,30,2867,2.48
83,6,51,0.18
83,7,10,0.03
83,8,614,2.11
83,19,0,0
83,21,408,2.12
83,29,0,0
83,53,239,0
83,72,1380,0.77
83,73,448,0.24
83,88,1200,8.19
83,89,1745,11.92
83,90,4072,15.87
83,106,166,0
83,108,58,0
83,110,1760,7.96
83,111,2585,11.7
83,112,5139,23.26
83,113,10832,49.03
83,114,1559,7.05
83,115,632,2.44
83,120,7,0
83,91,727,2.83
83,92,1214,4.73
83,94,505,1.97
84,1,0,0
84,2,10,0.04
84,6,271,0.93
84,12,1817,13.32
84,15,647,3.86
84,18,0,0
84,20,0,0
84,24,4210,21.9
84,25,4974,29.65
84,26,1011,6.03
84,29,227,1.35
84,30,601,0.52
84,0,28,0.11
84,11,2,0.01
84,13,768,5.63
84,14,427,3.13
84,21,4,0.02
84,72,1560,0.88
84,73,18,0.01
84,88,1683,11.5
84,89,5877,40.16
84,90,647,2.52
84,91,2468,9.62
84,92,0,0
84,93,214,0.83
84,110,140,0.63
84,111,3713,16.8
84,112,744,3.37
84,113,3116,14.1
84,114,122,0.55
84,94,363,1.41
85,0,348,1.38
85,1,597,2.37
85,2,523,2.08
85,5,3,0.01
85,8,326,1.12
85,11,873,6.4
85,12,570,4.18
85,13,1143,8.37
85,14,2587,18.97
85,15,1930,11.53
85,16,3029,18.11
85,24,81,0.42
85,25,3292,19.63
85,26,6,0.04
85,28,842,5.02
85,3,584,2.31
85,4,301,1.19
85,6,32,0.11
85,17,314,1.87
85,43,338,1.47
85,44,197,0.86
85,72,126,0.07
85,73,4,0
85,89,3408,23.29
85,90,486,1.89
85,91,2475,9.65
85,110,0,0
85,111,0,0
85,112,193,0.87
85,113,438,1.98
85,117,0,0
85,92,312,1.22
86,0,0,0
86,6,12,0.04
86,16,1289,7.71
86,17,316,1.89
86,25,2089,12.46
86,26,954,5.69
86,38,397,1.13
86,1,631,2.5
86,3,6,0.02
86,24,0,0
86,39,1360,3.87
86,40,1990,8.67
86,90,5647,22
86,91,6636,25.86
86,92,1980,7.72
86,106,21,0
86,116,19,0.07
86,52,17,0
86,72,66,0.04
86,89,433,2.96
87,16,1509,11.89
87,24,0,0
87,25,76,0.24
87,26,986,3.1
87,38,2207,15.67
87,39,1242,8.82
87,6,41,0
87,21,20,0.14
87,27,681,2.15
87,40,3098,10.59
87,72,1196,0.96
87,89,362,3
87,90,238,1.12
87,91,4275,20.08
87,92,4713,22.14
87,48,0,0
88,15,501,3.94
88,16,68,0.54
88,17,38,0.3
88,18,875,6.89
88,25,728,2.3
88,26,1,0
88,27,503,1.59
88,38,3128,22.22
88,39,1236,8.77
88,21,56,0.39
88,22,1303,9.11
88,24,86,0.6
88,40,309,1.06
88,48,147,0
88,72,0,0
88,91,2468,11.6
88,92,3678,17.28
88,127,34,0
88,44,985,3.37
89,15,787,6.2
89,22,5906,41.29
89,23,1796,12.56
89,24,597,4.17
89,38,522,3.7
89,39,321,2.28
89,18,75,0.59
89,21,18,0.13
89,41,291,0.99
89,44,16,0.05
89,71,6,0
89,91,2210,10.38
89,92,1572,7.38
90,19,210,1.65
90,20,620,4.33
90,21,2935,20.51
90,22,2466,17.23
90,23,2972,20.77
90,39,638,4.53
90,28,384,1.21
90,29,0,0
90,71,0,0
90,91,423,1.99
91,20,2440,17.05
91,21,308,2.16
91,22,2088,14.59
91,23,278,1.95
91,28,14,0.04
91,29,1068,3.37
91,13,230,0
91,41,641,2.19
91,42,5785,19.77
91,43,1154,3.94
91,90,6,0.03
91,127,0,0
91,40,14,0.05
91,71,36,0.03
91,110,46,0
92,7,329,1.99
92,13,133,0.77
92,14,996,5.74
92,15,2290,13.68
92,21,1421,6.62
92,22,1148,5.35
92,11,313,1.8
92,12,662,3.81
92,16,209,1.25
92,40,49,0.19
92,41,1378,5.44
92,42,1362,5.38
92,43,1038,4.1
92,71,11,0.06
92,89,1212,2
92,44,323,1.28
93,8,811,4.9
93,10,1133,6.53
93,11,1073,6.19
93,12,547,3.15
93,13,56,0.32
93,15,2724,16.28
93,16,1371,8.2
93,20,1172,5.46
93,21,245,1.14
93,9,750,4.54
93,17,323,1.93
93,19,188,1.12
93,43,798,3.15
93,71,293,1.48
93,70,458,2.31
94,8,336,2.04
94,9,632,3.83
94,11,488,2.81
94,15,3,0.02
94,16,3214,19.2
94,17,5640,33.7
94,18,1110,6.64
94,14,0,0
94,40,3725,14.73
94,41,1567,6.2
94,70,427,2.16
95,9,115,0.7
95,10,1032,5.95
95,15,2239,13.38
95,16,2083,12.44
95,17,2878,17.2
95,18,21,0.13
95,31,722,2.69
95,14,39,0.22
95,22,648,3.02
95,40,1494,5.91
95,41,121,0.48
96,10,841,4.84
96,14,2134,12.3
96,15,369,2.2
96,16,441,2.63
96,17,1839,10.99
96,22,158,0.74
96,31,618,2.31
96,13,619,3.57
96,20,146,0.68
96,40,1,0
96,41,538,2.13
97,11,315,0.8
97,16,2160,11.12
97,17,131,0.67
97,20,1092,2.33
97,1,3,0.02
97,41,4111,4.8
97,42,1355,1.58
98,0,368,2.61
98,1,690,4.89
98,2,839,5.95
98,4,37,0.26
98,5,336,2
98,15,1003,5.16
98,16,583,3
98,19,937,4.82
98,20,1704,3.63
98,29,1533,5
98,30,611,1.99
98,12,76,0.19
98,13,3,0.01
98,18,0,0
98,31,638,2.08
98,41,989,1.15
98,42,0,0
98,43,3,0
98,45,2,0
98,47,3,0
99,2,775,5.49
99,3,452,3.21
99,4,2759,19.57
99,12,85,0.22
99,13,1133,2.89
99,15,701,3.61
99,16,0,0
99,18,1520,7.82
99,19,2484,12.8
99,20,489,1.05
99,31,361,1.18
99,32,3,0.01
99,47,30,0
99,120,39,0
100,4,1548,10.98
100,13,1134,2.89
100,31,71,0.23
100,32,545,1.78
101,4,1264,8.96
101,32,466,1.52
101,3,149,1.06
101,33,1295,4.22
101,40,392,0.46
101,97,12,0
102,2,1679,12.88
102,3,1433,11
102,4,476,3.65
102,31,258,1.49
102,33,807,4.65
102,1,720,5.52
102,87,17,0
102,111,10,0
102,88,12,0
103,1,4724,36.23
103,2,1674,12.84
103,3,386,2.96
103,4,1097,8.42
103,5,1341,6.83
103,6,303,1.54
103,0,350,2.68
103,52,612,0
103,74,438,0
104,0,312,2.4
104,1,2786,21.37
104,5,21,0.11
104,6,737,3.74
104,7,440,2.24
104,2,1066,8.18
104,32,760,4.38
104,33,71,0.41
104,97,51,0
105,0,301,2.31
105,1,368,2.82
105,2,1793,13.75
105,5,1529,7.78
105,6,1361,6.93
105,7,42,0.21
105,32,1484,8.55
105,33,3118,17.96
105,34,794,4.58
105,3,242,1.86
105,23,612,0
105,35,2,0.01
105,36,0,0
105,96,68,0
105,97,119,0
105,109,5,0
105,116,2502,17.12
105,117,51,0.35
105,60,99,2
105,98,99,0
105,115,310,2.12
106,2,963,7.39
106,3,2362,18.12
106,4,2691,20.64
106,5,1103,5.61
106,12,577,5.75
106,23,26,0
106,35,167,0.71
106,36,1726,7.37
106,11,25,0.25
106,24,222,0
106,25,1120,4
106,37,447,1.91
106,109,1,0
106,110,8,0
106,111,5,0
106,112,148,0
106,115,110,0.75
106,116,1242,8.5
106,117,608,4.16
107,3,601,2.71
107,4,16,0.07
107,10,732,5.79
107,11,1562,12.36
107,25,846,4.55
107,31,555,1.28
107,36,19,0.07
107,37,1334,4.58
107,1,739,3.34
107,2,48,0.22
107,12,2,0.02
107,26,167,0.9
107,30,748,1.72
107,74,809,6.94
107,76,337,1.99
107,113,3,0
107,114,19,0
107,115,129,0.77
107,117,108,0.64
107,123,0,0
107,124,0,0
107,126,1073,6.51
108,1,114,0.51
108,2,170,0.76
108,6,165,0.8
108,7,1905,9.28
108,9,1619,7.89
108,10,2579,20.42
108,11,821,6.5
108,26,404,2.18
108,37,1452,4.98
108,8,41,0.2
108,27,133,0.71
108,28,44,0.24
108,61,428,2.87
108,115,5,0.03
108,117,4040,24.05
108,118,668,3.97
108,123,2149,14.6
108,124,8407,57.11
108,125,3907,23.71
108,126,127,0.77
108,51,12,0
108,59,213,3
108,60,103,0.69
108,78,672,3.97
109,0,566,2.55
109,7,1014,4.94
109,8,2901,14.13
109,9,6287,30.63
109,10,253,2
109,27,457,2.46
109,28,804,4.34
109,37,2922,10.04
109,1,0,0
109,5,0,0
109,6,33,0.16
109,60,769,5.16
109,74,357,3.06
109,76,503,2.97
109,117,2190,13.04
109,118,4483,26.69
109,119,598,3.56
109,123,0,0
109,124,8800,59.78
109,125,1224,7.43
109,59,0,0
109,61,370,2.48
109,77,0,0
109,116,14,0.08
109,122,71,0.48
110,0,34,0.15
110,4,1105,4.99
110,5,1463,7.13
110,6,514,2.5
110,7,718,3.5
110,8,4748,23.13
110,9,4257,20.73
110,10,530,4.2
110,36,0,0
110,37,487,1.67
110,38,1022,3.51
110,39,246,0.85
110,1,262,1.18
110,60,240,1.61
110,63,702,4.72
110,76,702,4.14
110,77,929,5.49
110,81,564,2.89
110,117,56,0.33
110,118,728,4.33
110,119,3506,20.87
110,124,7,0.05
110,125,0,0
110,127,1126,6.84
110,64,101,0.68
110,75,404,2.39
110,78,749,4.43
110,79,443,2.62
110,82,21,0.11
110,120,371,2.52
111,0,25,0.11
111,1,1056,4.77
111,7,870,4.24
111,8,3232,15.75
111,10,218,1.73
111,27,1136,6.12
111,36,2416,8.3
111,2,915,4.13
111,3,108,0.49
111,28,91,0.49
111,60,1333,8.95
111,61,85,0.57
111,62,1386,9.31
111,63,520,3.49
111,64,2005,13.47
111,119,1172,6.98
111,120,4628,31.45
111,124,2,0.01
111,118,105,0.63
112,2,1258,6.26
112,8,1458,8.39
112,26,1103,3.13
112,27,232,0.66
112,38,49,0.13
112,3,338,1.68
112,58,202,1.04
112,59,3,0.02
112,60,510,4.11
112,61,1409,11.36
112,62,1546,12.46
112,63,373,3.01
112,64,1248,10.06
112,80,4,0.01
112,81,21,0.06
112,86,618,0.63
112,116,20,0.15
112,119,299,2.29
112,120,1334,8.75
112,126,13,0.09
112,104,94,0.84
112,121,3,0.02
112,125,19,0.13
112,127,2,0.01
113,1,22,0.11
113,2,982,4.89
113,3,210,1.05
113,8,1156,6.65
113,25,20,0.06
113,26,1850,5.26
113,36,2114,5.64
113,38,3,0.01
113,59,1702,8.75
113,61,2793,22.5
113,62,893,7.2
113,63,4510,36.34
113,86,619,0.63
113,87,426,0.42
113,104,469,4.17
113,107,89,0.38
113,119,563,4.32
113,120,3793,24.89
113,121,1781,11.68
113,122,1084,7.11
113,127,234,1.67
113,60,69,0.56
113,80,109,0.32
113,88,36,0.04
113,89,87,0.09
113,108,12,0.05
114,8,654,3.76
114,9,472,2.72
114,13,150,1.29
114,26,312,0.89
114,36,277,0.74
114,38,9,0.02
114,12,804,6.9
114,35,1230,3.28
114,59,742,3.81
114,60,2992,24.1
114,61,901,7.26
114,62,2580,20.79
114,66,0,0
114,67,0,0
114,80,202,0.6
114,86,0,0
114,87,1165,1.18
114,120,3945,25.87
114,121,4154,27.25
114,122,1983,13
114,123,37,0.24
114,126,795,5.64
114,127,1055,7.49
114,73,379,2.52
114,88,377,0.39
114,119,107,0.82
115,11,944,8.1
115,12,1440,12.35
115,35,1183,3.15
115,39,1128,3.01
115,9,183,1.05
115,10,66,0.57
115,60,620,5
115,61,2185,17.61
115,62,1946,15.67
115,119,4119,31.55
115,120,15724,103.14
115,121,12890,84.54
115,122,68,0.45
115,125,1000,7.1
115,126,2681,19.03
115,127,811,5.76
115,40,556,2.06
115,107,317,1.36
115,113,66,0
115,118,372,2.85
116,9,187,1.08
116,10,513,4.39
116,7,234,1.35
116,13,281,2.41
116,34,890,0
116,40,725,2.68
116,59,76,0.39
116,60,16,0.13
116,61,2325,18.74
116,62,1377,11.09
116,72,1580,10.48
116,89,34,0.03
116,107,516,2.21
116,112,24,0
116,116,4,0.03
116,118,269,2.06
116,119,4037,30.93
116,120,4097,26.87
116,121,1156,7.58
116,122,4,0.03
116,125,3956,28.09
116,126,2136,15.16
116,127,803,5.71
116,41,71,0.26
116,85,554,0.56
116,124,1461,9.58
117,5,22,0.14
117,6,272,1.78
117,7,862,5.65
117,10,776,6.73
117,11,201,1.74
117,12,493,4.28
117,13,601,5.22
117,33,506,1.98
117,34,3,0.01
117,41,63,0.19
117,61,36,0.26
117,62,1458,10.46
117,63,1749,12.54
117,71,1383,9.56
117,72,5338,36.87
117,73,923,6.37
117,81,801,4.96
117,85,1734,7.76
117,86,1922,8.62
117,119,3198,24.48
117,120,266,1.35
117,122,329,1.67
117,123,70,0.36
117,124,2798,14.2
117,125,4849,29.73
117,126,1900,11.65
117,80,81,0.5
117,82,77,0.48
117,109,71,0.36
117,110,1195,8.54
117,111,8,0.06
117,118,35,0.27
118,6,874,5.74
118,7,18,0.12
118,9,818,5.37
118,10,460,3.99
118,34,0,0
118,8,340,2.23
118,12,106,0.92
118,60,379,2.71
118,62,980,7.02
118,63,3634,26.06
118,71,3302,22.8
118,72,2762,19.08
118,73,2245,15.51
118,82,530,3.28
118,85,1887,8.45
118,86,2425,10.86
118,109,473,2.39
118,110,5703,40.77
118,111,877,6.26
118,117,364,2.79
118,118,951,7.28
118,119,2777,21.27
118,124,1201,6.09
118,125,2006,12.3
118,126,1606,9.85
118,64,225,1.61
118,65,210,1.57
118,69,274,2.04
118,70,54,0.37
118,83,74,0.46
119,7,393,2.57
119,8,1003,6.58
119,12,626,5.43
119,10,369,3.2
119,11,122,1.06
119,41,247,0.76
119,61,1011,7.25
119,62,2526,18.12
119,63,3000,21.53
119,64,6266,44.93
119,65,1113,8.31
119,68,1344,10.03
119,69,1320,9.85
119,70,1312,9.06
119,71,3959,27.35
119,73,1354,9.35
119,78,1867,3.88
119,81,33,0.2
119,82,3767,23.31
119,83,781,4.83
119,85,2412,10.81
119,86,963,4.31
119,109,1607,8.12
119,110,4182,29.9
119,111,1266,9.05
119,119,1217,9.32
119,124,2581,13.11
119,125,1201,7.37
119,66,309,2.31
119,67,13,0.1
119,72,154,1.06
119,87,246,1.1
119,92,499,1.4
119,93,667,1.87
119,112,1048,7.49
119,116,0,0
120,6,1828,11.99
120,10,310,2.69
120,11,142,1.23
120,12,291,2.52
120,5,91,0.6
120,7,410,2.69
120,9,213,1.4
120,61,4,0.03
120,62,4863,34.88
120,63,701,5.03
120,64,6429,46.11
120,65,539,4.02
120,66,2370,17.68
120,67,1220,9.1
120,68,1805,13.47
120,69,2730,20.37
120,70,7017,48.46
120,71,4597,31.75
120,72,2008,13.87
120,77,1228,2.55
120,78,119,0.25
120,80,837,5.18
120,81,3964,24.53
120,82,5040,31.2
120,83,3475,21.5
120,84,4068,25.17
120,85,3076,13.79
120,87,613,2.75
120,89,732,3.28
120,90,199,0.56
120,91,511,1.43
120,109,25,0.13
120,110,1850,13.22
120,111,6243,44.63
120,112,3798,27.15
120,116,2,0.02
120,118,1864,14.27
120,119,311,2.38
120,124,5601,28.44
120,125,14,0.09
120,41,21,0.06
120,123,0,0
121,5,1071,7.03
121,6,1986,13.03
121,7,613,4.03
121,9,465,3.05
121,30,511,2
121,41,1427,4.41
121,62,1151,8.25
121,63,121,0.87
121,64,8833,63.35
121,69,749,5.58
121,70,3421,23.63
121,71,2531,17.49
121,72,1888,13.04
121,80,0,0
121,81,1332,8.25
121,82,4468,27.66
121,83,2974,18.41
121,84,9218,57.06
121,85,1351,6.06
121,87,491,2.2
121,90,617,1.73
121,111,3134,22.4
121,112,7123,50.9
121,114,3302,23.6
121,115,1147,8.78
121,116,1626,12.45
121,117,0,0
121,118,1658,12.69
121,123,4859,24.66
121,124,1598,8.11
121,42,509,1.57
121,65,348,2.6
121,73,197,1.36
121,76,858,1.78
121,77,263,0.55
121,86,0,0
121,110,4,0.03
122,6,2451,9.2
122,9,21,0.08
122,7,1219,4.58
122,8,3,0.01
122,43,476,0
122,61,2317,16.28
122,62,2676,18.79
122,64,3599,25.27
122,65,4100,38.97
122,69,1214,11.54
122,70,917,7.47
122,73,271,2.21
122,76,75,0
122,81,221,1.4
122,82,584,3.71
122,83,4254,27.02
122,84,4068,25.84
122,85,3651,30.18
122,86,562,4.65
122,90,1570,8.97
122,91,356,2.03
122,110,542,5.74
122,111,1014,10.74
122,112,940,9.96
122,113,5707,60.45
122,114,5660,59.95
122,115,478,3.1
122,116,194,1.26
122,117,116,0.75
122,118,119,0.77
122,119,33,0.21
122,123,1155,7.87
122,124,31,0.21
122,125,1882,8.63
122,122,12,0.08
123,3,775,3.18
123,4,453,1.86
123,5,533,2
123,6,1266,4.76
123,7,77,0.29
123,8,554,2.08
123,27,2,0.01
123,28,25,0.1
123,29,201,0.84
123,59,1515,15.42
123,60,845,5.93
123,61,1674,11.75
123,62,410,2.88
123,64,2158,15.16
123,65,745,7.08
123,83,2740,17.4
123,84,849,5.39
123,85,778,6.43
123,90,4858,27.75
123,91,208,1.19
123,109,119,0
123,110,682,7.23
123,111,920,9.74
123,112,4510,47.77
123,113,6379,67.57
123,114,993,10.52
123,115,2107,13.66
123,116,466,3.03
123,117,1034,6.7
123,118,508,3.3
123,119,0,0
123,121,2439,16.61
123,122,400,2.73
123,124,44,0.3
123,125,3394,15.57
123,126,174,0.8
123,63,31,0.22
123,89,219,1.81
123,120,0,0
124,3,577,2.36
124,4,0,0
124,27,1182,4.93
124,29,40,0.17
124,30,96,3
124,43,255,0
124,59,759,7.72
124,64,1139,8
124,65,2408,22.88
124,83,150,0.95
124,90,2385,13.62
124,91,2,0.01
124,92,64,0.37
124,93,2344,13.39
124,110,1977,20.94
124,111,429,4.54
124,112,6289,66.61
124,113,13013,137.83
124,114,5775,61.17
124,115,48,0.31
124,116,2235,14.5
124,117,2579,16.72
124,118,7511,48.71
124,119,1561,10.12
124,120,8911,60.69
124,121,4379,29.83
124,122,1903,12.95
124,89,1189,9.83
125,2,173,0.71
125,3,309,1.26
125,25,1185,4.95
125,59,84,0.85
125,60,1037,7.28
125,61,915,6.43
125,65,1861,17.68
125,66,1284,12.2
125,72,10,0.08
125,89,3935,32.54
125,90,1670,9.54
125,92,899,5.14
125,93,806,4.6
125,94,174,0.99
125,95,1283,4.14
125,110,4,0.04
125,111,954,10.11
125,112,8477,89.79
125,113,10391,110.06
125,114,10688,113.2
125,115,3858,25.03
125,116,10309,66.85
125,117,6667,43.23
125,118,7510,48.7
125,119,7159,46.42
125,120,192,1.31
125,121,1839,12.52
125,122,994,6.78
125,123,458,3.12
125,64,146,1.03
125,67,248,2.36
125,84,46,0.29
125,87,860,7.11
125,88,100,0.83
125,96,827,2.66
126,1,1130,4.64
126,2,1266,5.19
126,3,1176,4.82
126,0,0,0
126,65,582,5.53
126,67,59,0.56
126,69,0,0
126,70,30,0.24
126,88,58,0.48
126,89,136,1.12
126,90,3525,20.14
126,91,8,0.05
126,92,2072,11.84
126,95,3168,10.2
126,111,840,8.89
126,112,12348,130.8
126,113,8728,92.45
126,114,11886,125.9
126,115,11999,77.81
126,116,18567,120.41
126,117,15085,97.83
126,118,11933,77.39
126,119,334,2.17
126,68,336,3.19
126,93,534,3.05
126,94,759,4.34
127,0,988,4.86
127,1,1213,5.96
127,2,69,0.34
127,3,162,0.8
127,25,243,0
127,34,16,0
127,16,694,2.58
127,68,527,3.32
127,69,656,4.14
127,70,332,1.88
127,71,955,5.4
127,88,478,3.34
127,89,472,3.29
127,90,2180,16.25
127,91,4574,34.1
127,92,7194,53.62
127,93,910,6.79
127,94,4678,34.87
127,95,1886,10.99
127,111,488,4.21
127,112,6156,53.11
127,113,11252,97.07
127,114,5310,45.8
127,115,17062,108.87
127,116,30930,197.37
127,117,20775,132.56
127,118,10178,64.95
127,76,45,0.47
127,85,0,0
127,123,181,1.98
