x,y,residential_floor_area,TOT_P_2021
0,5,551,2
0,6,8,0
0,8,1026,6
0,9,1062,5
0,14,35,0
0,18,658,7
0,23,0,0
0,57,353,0
0,80,17,0
0,84,0,0
0,87,571,5
0,104,0,0
0,106,140,0
0,107,245,1
0,111,11,0
0,112,937,9
0,113,2796,32
0,123,750,0
0,4,79,0
0,10,0,0
0,15,24,0
1,2,30,0
1,3,1766,7
1,4,975,4
1,10,0,0
1,18,769,10
1,20,0,0
1,35,1011,2
1,38,542,3
1,39,1636,10
1,40,809,4
1,95,324,1
1,96,221,0
1,100,36,0
1,105,4,0
1,113,1309,14
1,8,0,0
1,9,0,0
1,13,10,0
1,28,142,0
1,36,39,0
1,58,173,0
1,59,23,0
1,65,98,0
1,75,1155,3
1,76,376,1
2,3,1586,7
2,4,1788,7
2,8,784,1
2,9,671,2
2,18,631,2
2,19,1441,6
2,20,5475,25
2,21,780,3
2,35,222,0
2,39,1246,3
2,42,702,1
2,58,430,1
2,59,53,0
2,65,731,0
2,66,0,0
2,14,320,1
2,22,13,0
2,24,183,0
2,36,663,0
2,37,0,0
2,92,26,0
2,103,99,0
2,104,1068,2
2,106,8,0
3,14,255,1
3,15,19,0
3,20,1,0
3,21,140,0
3,22,94,0
3,24,474,1
3,36,53,0
3,37,628,0
3,42,658,1
3,64,1006,0
3,91,244,1
3,103,418,1
3,110,0,0
3,4,272,1
3,16,4,0
3,41,0,0
3,44,109,0
3,93,203,1
3,94,354,2
3,109,4,0
3,115,983,7
4,4,427,2
4,14,1185,6
4,15,1034,4
4,16,2362,10
4,17,0,0
4,24,201,0
4,37,605,0
4,41,111,0
4,42,639,2
4,44,2303,14
4,45,321,2
4,47,225,1
4,51,19,0
4,93,4,0
4,94,2723,15
4,95,1259,6
4,99,15,0
4,100,60,1
4,109,0,0
4,18,173,0
4,27,0,0
4,29,6,0
4,104,393,0
4,110,54,0
4,111,7,0
5,0,226,1
5,10,31,0
5,15,1807,8
5,16,5350,26
5,18,1408,5
5,23,659,2
5,24,1333,5
5,44,343,2
5,45,739,4
5,87,32,0
5,93,533,3
5,94,1195,6
5,95,4907,28
5,96,977,5
5,103,0,0
5,104,529,1
5,124,102,0
5,7,17,0
5,11,635,2
5,17,0,0
5,61,0,0
5,86,227,1
5,97,180,1
5,110,317,2
6,7,268,1
6,8,2540,6
6,12,0,0
6,15,566,1
6,16,102,0
6,17,174,0
6,23,602,2
6,24,1166,3
6,47,864,4
6,60,505,0
6,62,1418,4
6,86,166,1
6,87,25,0
6,95,40,0
6,96,0,0
6,104,0,0
6,125,132,0
6,11,397,1
6,14,292,1
6,48,829,4
6,49,122,0
6,61,236,0
6,80,381,0
6,81,457,0
6,113,510,3
7,8,321,1
7,9,422,2
7,14,1444,3
7,33,665,0
7,34,605,0
7,47,1325,1
7,48,652,3
7,49,113,0
7,60,82,0
7,61,10,0
7,106,982,1
7,113,2165,17
7,124,24,0
7,12,20,0
7,63,479,0
7,64,32,0
7,102,34,0
7,112,125,0
8,12,2155,9
8,13,487,1
8,14,1146,3
8,48,729,3
8,69,426,0
8,102,168,0
8,106,0,0
8,113,1114,9
8,6,468,0
8,7,18,0
8,58,346,1
8,67,362,0
8,83,133,0
8,114,975,8
8,115,74,0
8,125,0,0
9,6,1092,0
9,7,206,0
9,8,970,4
9,12,52,0
9,46,819,1
9,47,700,0
9,48,864,4
9,58,504,2
9,66,194,0
9,67,815,0
9,71,345,0
9,113,580,5
9,114,4660,40
9,115,991,8
9,125,391,0
9,126,29,0
9,49,460,2
10,21,683,2
10,48,716,3
10,49,494,3
10,67,367,0
10,68,20,0
10,76,594,0
10,101,837,0
10,113,1528,12
10,114,2981,26
10,115,355,3
10,117,237,2
10,124,47,0
10,109,0,0
10,111,467,3
10,112,2469,16
11,24,802,1
11,25,488,1
11,48,394,2
11,49,577,3
11,101,0,0
11,109,758,5
11,110,0,0
11,112,38,0
11,113,353,3
11,114,181,1
11,40,27,0
11,41,578,0
11,96,44,0
11,97,781,1
12,12,2024,0
12,17,255,0
12,24,7,0
12,25,345,0
12,40,146,0
12,41,975,4
12,49,394,2
12,72,511,0
12,73,511,1
12,77,72,0
12,105,108,0
12,106,158,0
12,11,643,0
12,15,412,0
12,16,544,0
12,38,11,0
12,46,474,1
12,56,74,0
12,78,306,0
12,91,455,0
12,111,33,0
12,112,5,0
12,114,630,5
12,127,16,0
13,11,45,0
13,12,1,0
13,16,53,0
13,24,1028,3
13,25,19,0
13,32,0,0
13,46,374,0
13,47,247,0
13,48,1352,8
13,56,732,2
13,70,126,0
13,71,892,0
13,78,271,0
13,91,186,0
13,106,41,0
13,114,1367,10
13,115,334,2
13,116,725,5
13,127,266,0
13,17,409,0
13,19,0,0
13,20,0,0
13,34,0,0
13,60,216,1
13,61,358,1
13,62,67,0
13,65,316,0
13,112,178,1
13,113,357,2
13,117,275,2
14,16,14,0
14,40,14,0
14,46,1705,3
14,47,33,0
14,48,19,0
14,49,2447,16
14,52,0,0
14,60,1557,7
14,61,543,2
14,65,189,0
14,112,1032,5
14,113,2091,15
14,115,3387,26
14,116,4031,31
14,117,365,2
14,125,695,0
14,2,28,0
14,3,304,0
14,37,354,1
14,38,5,0
14,50,244,1
14,51,0,0
14,54,174,0
14,66,750,1
14,109,372,2
14,114,985,7
14,124,781,0
15,1,1884,5
15,2,381,1
15,3,33,0
15,24,212,0
15,25,3068,12
15,36,3,0
15,37,4,0
15,44,14,0
15,45,11,0
15,46,250,0
15,47,230,0
15,48,1163,6
15,49,4843,30
15,51,115,0
15,52,1238,7
15,53,364,1
15,61,441,2
15,62,233,1
15,79,22,0
15,80,330,0
15,109,88,0
15,113,3626,28
15,114,5084,39
15,115,4755,37
15,116,3983,31
15,117,136,1
15,0,396,1
15,26,148,0
15,35,103,0
15,70,320,0
15,112,50,0
16,0,0,0
16,1,35,0
16,2,677,0
16,13,701,1
16,25,526,2
16,26,1235,3
16,35,1181,5
16,39,503,2
16,46,39,0
16,48,3715,23
16,49,2789,17
16,50,150,0
16,51,985,5
16,61,684,3
16,70,571,0
16,71,130,0
16,74,665,2
16,75,6,0
16,111,410,1
16,112,1156,5
16,113,388,3
16,114,1315,10
16,115,3093,24
16,116,1890,13
16,3,884,1
16,27,0,0
16,34,10,0
16,40,310,1
16,47,2,0
16,78,256,0
16,100,964,1
17,2,83,0
17,3,1170,0
17,25,770,4
17,26,962,5
17,27,418,1
17,34,154,0
17,35,1238,7
17,47,2045,21
17,48,1881,8
17,50,583,2
17,51,0,0
17,65,4,0
17,66,875,0
17,74,945,4
17,75,691,4
17,78,76,0
17,100,1243,2
17,102,1467,3
17,111,22,0
17,112,1426,11
17,113,2626,14
17,115,1086,5
17,4,8,0
17,22,45,0
17,31,15,0
17,33,8,0
17,56,0,0
17,57,684,3
17,60,0,0
17,61,52,0
17,106,59,0
17,107,12,0
17,114,306,1
17,116,713,4
18,3,46,0
18,22,46,0
18,25,1991,11
18,26,92,0
18,38,0,0
18,46,631,7
18,47,4670,51
18,50,688,2
18,56,0,0
18,57,751,3
18,59,22,0
18,60,150,1
18,73,819,3
18,104,234,0
18,105,822,0
18,106,55,0
18,107,301,0
18,108,641,5
18,109,2,0
18,112,122,1
18,113,595,3
18,114,985,4
18,115,974,4
18,116,1,0
18,24,92,0
18,54,13,0
18,58,400,2
18,62,221,1
18,99,1,0
18,100,712,2
19,21,0,0
19,22,5093,19
19,23,15,0
19,39,1895,1
19,40,1,0
19,50,13,0
19,51,630,3
19,73,884,3
19,113,27,0
19,114,68,0
19,115,1490,7
19,116,608,3
19,127,473,0
19,3,576,0
19,24,0,0
19,44,0,0
19,71,17,0
19,74,430,2
19,112,611,5
19,120,1310,0
20,3,75,0
20,4,4,0
20,15,3002,4
20,22,3750,14
20,23,2820,16
20,24,84,0
20,26,475,2
20,27,38,0
20,33,57,0
20,58,400,2
20,59,402,2
20,60,64,0
20,68,77,0
20,71,1668,13
20,73,275,1
20,74,678,3
20,82,983,3
20,114,903,4
20,115,488,2
20,116,1650,8
20,117,168,0
20,119,427,0
20,120,555,0
20,14,433,0
20,21,67,0
20,53,16,0
20,54,87,0
20,55,51,0
20,61,97,0
20,70,313,2
20,81,45,0
20,94,0,0
20,95,404,0
20,113,0,0
20,118,39,0
21,14,314,0
21,15,219,0
21,21,29,0
21,22,749,2
21,28,445,3
21,49,15,0
21,52,1217,5
21,61,232,1
21,82,0,0
21,84,336,0
21,94,42,0
21,95,439,0
21,112,1039,9
21,113,0,0
21,116,716,3
21,120,368,0
21,40,0,0
21,70,247,2
21,71,330,2
21,72,4,0
21,73,37,0
21,115,847,4
21,117,442,2
22,22,179,0
22,23,192,1
22,29,1615,3
22,30,414,1
22,40,1298,3
22,41,403,1
22,52,0,0
22,59,2036,6
22,62,29,0
22,67,641,1
22,71,24,0
22,112,235,0
22,113,0,0
22,115,844,3
22,116,3883,17
22,2,538,1
22,3,680,3
22,31,125,0
22,42,87,0
22,68,7,0
22,70,537,2
22,120,309,0
23,2,1188,3
23,3,2694,11
23,10,1627,4
23,13,128,0
23,14,260,0
23,15,787,2
23,30,64,0
23,31,1328,3
23,34,31,0
23,40,368,1
23,42,701,2
23,67,54,0
23,68,554,1
23,69,0,0
23,70,83,0
23,72,248,0
23,73,0,0
23,78,1932,17
23,79,874,6
23,86,423,3
23,87,666,6
23,113,610,2
23,115,1027,4
23,116,1011,4
23,8,18,0
23,20,0,0
23,36,0,0
23,38,298,1
23,58,305,1
23,59,65,0
23,71,0,0
23,90,91,0
24,3,140,0
24,4,512,1
24,5,353,1
24,8,110,0
24,9,0,0
24,10,122,0
24,14,6,0
24,15,78,0
24,20,1506,1
24,21,465,0
24,22,710,0
24,31,315,0
24,57,790,6
24,58,362,1
24,66,393,1
24,68,461,1
24,77,0,0
24,78,1055,9
24,79,2911,26
24,87,313,2
24,90,1648,0
24,113,0,0
24,70,0,0
24,75,27,0
24,76,177,0
24,80,19,0
25,11,995,3
25,20,380,0
25,21,2352,2
25,32,266,0
25,40,799,2
25,57,55,0
25,58,0,0
25,69,57,0
25,70,184,0
25,76,598,2
25,79,2925,25
25,80,25,0
25,82,2657,23
25,103,795,2
25,125,248,0
25,31,748,2
25,34,23,0
25,55,241,2
25,81,48,0
25,83,1711,15
25,102,102,0
25,124,210,0
26,31,731,1
26,32,92,0
26,34,350,0
26,55,314,2
26,57,642,5
26,70,14,0
26,71,932,3
26,72,29,0
26,76,0,0
26,77,67,0
26,79,1700,15
26,80,985,8
26,82,4827,44
26,83,6074,54
26,84,5551,50
26,120,187,0
26,123,883,2
26,124,234,1
26,125,746,3
26,21,451,0
26,33,477,1
26,56,304,2
26,74,517,2
26,78,14,0
26,81,490,4
26,85,772,6
26,86,498,4
26,100,217,0
27,21,224,1
27,27,0,0
27,28,0,0
27,33,1273,6
27,34,1246,6
27,49,16,0
27,50,852,1
27,56,1170,7
27,57,0,0
27,66,151,1
27,74,125,0
27,77,70,0
27,78,137,1
27,79,50,0
27,80,534,5
27,82,1131,11
27,83,5028,43
27,84,3645,30
27,85,6253,53
27,86,1916,16
27,100,802,0
27,61,227,0
28,21,1223,6
28,31,56,0
28,32,304,1
28,33,1610,9
28,34,512,3
28,35,122,0
28,50,59,0
28,51,327,0
28,56,556,3
28,61,1195,2
28,62,146,0
28,81,0,0
28,83,4236,35
28,84,4278,35
28,85,1832,15
28,88,496,2
28,89,399,1
28,7,463,2
28,8,116,0
28,13,21,0
28,22,839,4
28,28,45,0
28,82,0,0
29,7,273,1
29,8,400,0
29,15,1313,3
29,20,37,0
29,21,0,0
29,28,470,1
29,55,618,4
29,56,118,0
29,59,571,0
29,66,0,0
29,71,1246,7
29,72,46,0
29,81,180,1
29,82,394,3
29,84,269,2
29,85,0,0
29,86,0,0
29,87,0,0
29,89,20,0
29,62,13,0
30,15,2454,7
30,16,600,1
30,19,735,3
30,20,93,0
30,34,100,0
30,35,1739,9
30,62,8,0
30,65,0,0
30,70,264,1
30,71,44,0
30,78,3,0
30,81,386,4
30,82,11,0
30,86,3500,28
30,87,78,0
30,89,24,0
30,27,210,3
30,28,301,1
30,36,1107,6
30,63,67,0
30,73,2,0
30,75,42,0
30,80,413,4
30,93,0,0
30,110,400,0
31,9,1343,0
31,15,82,0
31,16,395,0
31,17,50,0
31,18,79,0
31,19,4416,22
31,20,2977,14
31,28,1301,4
31,36,234,0
31,43,665,4
31,55,740,4
31,63,0,0
31,69,631,4
31,73,189,0
31,80,275,2
31,81,0,0
31,86,861,6
31,93,996,1
31,48,2,0
31,61,94,0
31,66,17,0
31,74,1362,6
31,94,0,0
32,19,1470,5
32,20,1151,4
32,25,871,2
32,37,1037,5
32,48,2880,10
32,54,6,0
32,55,3167,14
32,59,404,1
32,61,219,0
32,66,8,0
32,67,1539,8
32,74,137,0
32,79,113,1
32,80,176,1
32,93,363,0
32,94,581,0
32,4,11,0
32,64,11,0
32,68,115,1
32,70,0,0
32,71,81,1
32,108,79,0
33,25,395,1
33,38,0,0
33,42,297,0
33,54,641,3
33,55,1857,8
33,65,201,1
33,66,360,1
33,67,2022,11
33,68,233,2
33,70,458,6
33,71,139,1
33,108,975,2
33,109,170,0
33,5,1001,0
33,6,736,0
33,19,636,2
33,20,8,0
33,21,50,0
33,39,225,0
33,56,160,0
33,74,159,0
33,75,126,0
33,76,1448,2
34,5,1484,0
34,6,142,0
34,19,2,0
34,21,24,0
34,38,145,0
34,39,293,0
34,42,198,0
34,54,653,2
34,55,798,3
34,56,331,1
34,67,1522,9
34,68,1823,23
34,76,60,0
34,63,109,0
34,64,496,3
34,69,311,4
34,72,37,0
35,5,12,0
35,42,847,1
35,64,1373,8
35,68,1406,17
35,69,826,9
35,72,29,0
35,102,1061,0
35,97,411,0
36,10,795,0
36,31,1168,5
36,55,295,1
36,57,0,0
36,68,375,5
36,69,44,0
36,93,1006,0
36,94,211,0
36,97,752,0
36,111,486,1
36,9,31,0
36,28,3,0
36,30,99,0
36,34,34,0
36,42,688,2
36,43,897,8
36,48,15,0
36,50,695,2
36,59,210,1
36,70,0,0
36,89,47,0
37,10,241,0
37,27,46,0
37,28,202,0
37,30,826,0
37,31,24,0
37,34,2815,16
37,35,562,3
37,42,261,0
37,43,6018,52
37,59,650,0
37,60,156,0
37,69,285,0
37,70,0,0
37,78,15,0
37,89,435,0
37,90,401,0
37,93,653,0
37,111,240,0
37,38,0,0
37,44,471,4
37,48,224,0
37,53,218,0
37,54,277,0
37,103,751,1
38,16,1603,3
38,29,9,0
38,33,18,0
38,34,903,4
38,35,1647,10
38,36,501,2
38,38,849,2
38,41,24,0
38,42,393,0
38,43,2586,22
38,44,4370,38
38,48,251,0
38,49,2094,6
38,53,3,0
38,54,272,0
38,99,205,3
38,15,0,0
38,45,73,0
38,89,25,0
38,120,59,0
39,16,583,1
39,35,257,1
39,43,359,3
39,44,1629,13
39,45,417,3
39,49,73,0
39,64,4,0
39,18,209,0
39,28,3,0
39,41,0,0
39,71,27,0
39,119,0,0
39,120,0,0
40,18,1642,3
40,19,1384,2
40,45,616,5
40,71,754,0
40,119,72,0
40,120,0,0
40,121,2541,19
40,42,36,0
40,46,200,1
40,88,0,0
40,122,3,0
40,125,411,1
40,126,60,0
41,12,1076,0
41,13,1029,1
41,18,0,0
41,41,7,0
41,45,0,0
41,78,784,4
41,87,0,0
41,88,436,0
41,121,1506,12
41,122,4710,37
41,125,1080,4
41,126,144,0
41,2,49,0
41,14,374,0
41,22,46,0
41,23,519,0
41,39,0,0
41,123,583,2
42,2,847,1
42,13,383,2
42,14,406,2
42,16,1560,9
42,23,1059,0
42,31,880,1
42,39,719,0
42,54,1017,1
42,89,767,3
42,122,32,0
42,123,1139,9
42,124,887,6
42,1,52,0
42,30,1148,2
42,46,768,1
42,72,263,0
42,87,77,0
42,88,0,0
42,90,66,0
42,94,542,4
43,2,1474,2
43,3,1010,4
43,4,135,0
43,16,0,0
43,39,0,0
43,40,93,0
43,46,1104,2
43,62,438,1
43,72,0,0
43,85,3829,33
43,87,273,1
43,88,476,2
43,89,236,1
43,90,1918,7
43,94,2484,20
43,0,9,0
43,38,9,0
43,41,783,2
43,48,237,1
43,49,140,0
43,59,165,0
43,61,226,1
43,71,50,0
43,86,622,5
43,95,238,2
43,124,415,3
44,0,334,0
44,2,389,0
44,10,1097,1
44,38,1645,3
44,40,77,0
44,41,503,1
44,44,1348,2
44,48,1216,5
44,59,244,1
44,62,50,0
44,63,290,2
44,85,4201,36
44,86,6970,59
44,89,512,2
44,94,1088,8
44,95,205,1
44,124,1327,11
44,18,5,0
44,37,0,0
44,45,903,2
44,49,41,0
44,60,794,4
44,81,325,3
44,90,263,1
44,93,15,0
44,126,476,3
44,127,262,2
45,9,510,1
45,37,741,2
45,38,827,1
45,45,409,0
45,54,640,0
45,55,220,0
45,60,47,0
45,61,395,1
45,63,258,1
45,77,860,11
45,78,2163,19
45,79,567,5
45,83,1621,13
45,84,672,5
45,85,1831,14
45,86,540,4
45,90,3746,15
45,91,26,0
45,93,631,5
45,94,907,7
45,124,1610,14
45,125,790,6
45,127,494,4
45,18,688,2
45,34,13,0
45,36,30,0
45,62,35,0
45,88,35,0
45,89,32,0
46,8,840,2
46,9,587,1
46,18,1407,3
46,19,822,2
46,30,1306,2
46,36,1700,8
46,37,2530,10
46,38,593,1
46,39,494,1
46,52,675,3
46,60,25,0
46,61,896,4
46,72,230,0
46,78,930,8
46,83,272,2
46,85,7633,65
46,86,4221,36
46,87,1229,10
46,88,476,2
46,89,965,2
46,90,3060,13
46,7,80,0
46,41,155,0
46,63,221,2
46,81,106,1
46,82,10,0
46,84,275,2
46,91,668,3
46,104,0,0
46,105,0,0
47,0,1176,3
47,19,1308,7
47,37,443,1
47,60,173,0
47,61,247,1
47,63,442,2
47,64,14,0
47,81,514,0
47,82,2118,2
47,84,1615,13
47,85,2669,21
47,86,4865,39
47,87,656,5
47,125,420,3
47,126,60,0
47,127,432,3
47,1,9,0
47,9,276,0
47,12,400,1
47,13,697,0
47,31,48,0
47,70,254,1
47,71,2,0
47,91,0,0
47,124,339,3
48,0,2129,4
48,1,220,0
48,9,41,0
48,12,448,1
48,31,676,2
48,57,50,0
48,70,668,2
48,71,0,0
48,82,261,0
48,84,776,6
48,85,2739,22
48,86,3412,27
48,87,1316,10
48,91,134,0
48,92,872,0
48,98,1483,6
48,99,467,2
48,123,4437,38
48,124,5559,47
48,126,315,2
48,127,110,1
48,11,27,0
48,58,102,0
48,63,187,1
48,65,234,1
48,93,558,5
48,97,79,0
48,100,53,0
48,122,1692,18
48,125,15,0
49,0,7,0
49,22,1351,8
49,28,780,2
49,32,190,0
49,62,49,0
49,63,5,0
49,64,217,1
49,65,646,4
49,71,695,2
49,79,332,0
49,80,380,0
49,84,8,0
49,85,3548,30
49,86,3363,27
49,87,153,1
49,93,3162,32
49,98,1305,5
49,99,242,0
49,122,6793,77
49,123,8649,76
49,124,6939,61
49,125,5879,51
49,126,2630,22
49,5,19,0
49,6,553,7
49,18,0,0
49,19,209,1
49,23,0,0
49,31,479,1
49,33,611,2
49,34,259,1
49,37,16,0
49,58,483,2
49,75,38,0
49,94,399,4
49,97,50,0
49,127,1267,11
50,5,83,1
50,6,121,1
50,18,467,2
50,19,1445,9
50,22,1011,6
50,23,132,2
50,32,1818,6
50,75,469,1
50,76,77,0
50,85,1824,15
50,86,5,0
50,93,1244,13
50,94,2628,26
50,97,72,0
50,122,1974,21
50,123,5446,48
50,124,3643,31
50,125,3697,32
50,126,5171,44
50,127,7951,70
50,3,133,1
50,4,49,0
50,11,669,1
50,33,549,2
50,87,141,1
51,3,185,2
51,4,1225,17
51,11,831,1
51,12,467,1
51,18,1414,9
51,32,701,2
51,33,1289,4
51,41,0,0
51,57,394,1
51,59,118,0
51,65,825,4
51,87,1195,10
51,123,4287,37
51,124,1070,9
51,125,457,3
51,126,3950,34
51,127,7202,63
51,22,474,3
51,23,47,0
51,30,13,0
51,34,37,0
51,58,598,2
51,63,93,0
52,3,0,0
52,4,28,0
52,8,10,0
52,11,148,0
52,22,1654,2
52,23,6051,41
52,60,216,2
52,63,1110,6
52,64,1548,11
52,76,757,8
52,78,3465,29
52,79,397,3
52,88,267,0
52,123,4005,37
52,125,942,8
52,126,6717,64
52,127,3396,32
52,24,346,2
52,40,197,0
52,65,184,1
52,73,69,0
52,75,513,6
53,1,1694,7
53,3,0,0
53,8,11,0
53,16,109,0
53,17,135,0
53,21,363,0
53,22,559,1
53,24,435,3
53,27,567,3
53,28,1619,3
53,40,1244,3
53,41,2278,7
53,63,530,3
53,64,827,5
53,65,54,0
53,72,494,0
53,73,1896,20
53,74,2644,29
53,75,1196,13
53,78,978,8
53,79,556,4
53,88,7,0
53,122,1001,8
53,123,4021,37
53,125,4252,40
53,126,3217,30
53,127,787,7
53,0,0,0
53,7,21,0
53,25,147,1
53,42,188,0
53,59,88,1
53,66,319,2
53,71,455,2
53,89,428,0
53,124,225,2
54,1,514,2
54,6,71,0
54,24,30,0
54,27,135,0
54,28,187,0
54,41,428,1
54,42,517,1
54,62,240,3
54,64,474,3
54,66,81,0
54,72,229,1
54,73,196,2
54,74,545,6
54,87,743,0
54,88,170,0
54,89,62,0
54,91,286,0
54,119,3259,26
54,122,3426,28
54,123,3836,35
54,124,3524,33
54,125,5040,48
54,2,250,1
54,4,284,1
54,5,16,0
54,19,250,0
54,63,36,0
54,69,785,3
54,94,216,0
54,118,995,8
54,120,361,3
55,0,2609,11
55,1,4058,18
55,2,1299,6
55,3,676,1
55,4,1537,6
55,5,531,2
55,6,408,1
55,19,428,0
55,24,32,0
55,69,91,0
55,74,0,0
55,87,32,0
55,88,0,0
55,89,0,0
55,90,961,0
55,91,1035,1
55,94,486,0
55,118,523,4
55,119,6439,52
55,120,7384,59
55,121,1048,7
55,122,6132,50
55,123,8108,78
55,124,6733,63
55,125,8837,86
55,48,1107,1
55,49,9,0
55,55,9,0
55,73,0,0
55,126,258,2
55,127,863,7
56,0,13270,64
56,1,14189,68
56,2,11683,56
56,3,2280,10
56,4,2528,10
56,5,2217,9
56,6,40,0
56,12,1441,5
56,38,580,2
56,39,531,1
56,47,1507,0
56,48,58,0
56,49,1,0
56,89,1197,1
56,90,632,0
56,119,436,2
56,120,3653,30
56,121,5532,45
56,122,7200,59
56,123,5706,55
56,124,6425,62
56,125,9091,87
56,126,6269,60
56,127,6650,62
56,13,0,0
56,14,0,0
56,23,326,2
56,24,1154,7
56,46,130,0
56,69,28,0
56,70,133,0
57,0,17221,63
57,1,9610,35
57,2,4065,13
57,3,115,0
57,4,1113,5
57,5,2057,8
57,6,525,1
57,13,0,0
57,14,1398,3
57,17,849,1
57,23,1013,2
57,24,1272,3
57,32,193,0
57,33,76,0
57,34,875,2
57,35,846,1
57,36,40,0
57,46,25,0
57,47,615,1
57,69,372,1
57,95,521,1
57,121,4549,34
57,122,5861,45
57,123,6146,50
57,124,6537,54
57,125,6808,56
57,126,6050,50
57,127,3215,26
57,7,98,0
57,8,26,0
57,16,110,0
57,57,197,0
57,67,1071,3
57,68,100,0
57,73,354,2
57,120,156,1
58,0,1937,6
58,1,335,1
58,4,224,0
58,5,2402,11
58,6,1207,4
58,7,155,0
58,8,2483,12
58,9,1798,9
58,10,1433,6
58,24,230,0
58,25,1410,3
58,31,32,0
58,34,10,0
58,35,220,0
58,36,25,0
58,65,0,0
58,66,984,2
58,67,22,0
58,68,448,1
58,73,0,0
58,91,160,0
58,92,565,2
58,120,43,0
58,121,4057,30
58,122,6668,51
58,123,7004,57
58,124,6424,53
58,125,7254,60
58,126,8254,68
58,127,2759,22
58,2,217,0
58,11,107,0
58,56,468,4
58,57,353,3
58,89,164,0
59,2,24,0
59,4,2404,10
59,5,564,2
59,8,794,4
59,9,0,0
59,24,526,1
59,25,495,1
59,35,204,0
59,36,20,0
59,53,632,4
59,55,1287,9
59,56,673,4
59,120,1677,11
59,121,3033,21
59,122,4106,31
59,123,2877,22
59,124,3140,25
59,125,6003,49
59,126,1567,13
59,127,3936,31
59,3,227,1
59,12,368,2
59,14,135,0
59,45,0,0
59,46,24,0
59,52,16,0
59,54,136,1
59,58,974,7
59,91,1184,4
60,2,468,0
60,3,1196,4
60,4,3811,16
60,5,683,3
60,14,691,1
60,25,741,1
60,45,641,0
60,46,974,2
60,52,511,0
60,55,1391,10
60,56,227,1
60,58,898,5
60,59,543,3
60,79,1083,0
60,91,108,0
60,109,481,2
60,122,63,0
60,123,151,1
60,124,48,0
60,127,0,0
60,13,341,0
60,36,1105,3
60,54,651,5
60,85,0,0
60,92,190,0
60,120,10,0
60,121,10,0
61,1,829,2
61,3,631,3
61,5,203,0
61,17,987,1
61,24,4,0
61,25,636,1
61,34,399,1
61,36,2125,6
61,37,328,1
61,46,0,0
61,55,494,4
61,58,397,3
61,59,3,0
61,68,81,0
61,69,481,1
61,85,0,0
61,86,771,2
61,92,24,0
61,11,149,0
61,18,4,0
61,28,8,0
61,35,443,1
61,54,51,0
61,71,52,0
62,6,129,0
62,11,238,0
62,12,1257,4
62,17,1391,3
62,18,1402,4
62,19,126,0
62,36,283,0
62,37,114,0
62,38,718,2
62,54,1143,3
62,55,1543,5
62,58,619,4
62,68,392,0
62,69,0,0
62,74,231,0
62,5,219,1
62,14,1870,5
62,48,0,0
62,56,1098,3
62,57,126,0
62,84,200,0
63,4,236,1
63,5,310,1
63,6,404,2
63,9,40,0
63,17,697,1
63,18,1759,5
63,19,753,2
63,26,1062,2
63,27,3220,11
63,37,1477,2
63,38,360,1
63,41,52,0
63,53,1808,5
63,54,1893,6
63,55,534,2
63,71,59,0
63,74,164,0
63,83,17,0
63,84,464,0
63,90,68,0
63,7,0,0
63,25,253,1
63,28,0,0
63,36,547,1
63,49,356,1
63,52,766,3
63,89,13,0
63,125,58,0
63,126,441,3
64,0,320,0
64,6,611,3
64,7,512,2
64,18,171,0
64,19,75,0
64,27,55,0
64,36,67,0
64,49,756,2
64,51,8,0
64,52,1367,5
64,53,322,1
64,54,0,0
64,89,300,1
64,126,4564,38
64,8,9,0
64,9,194,0
64,14,0,0
64,50,350,1
64,73,113,0
64,85,194,0
64,88,340,2
64,92,0,0
64,93,351,0
64,127,608,5
65,0,716,1
65,9,223,0
65,13,1471,4
65,14,88,0
65,18,37,0
65,19,224,0
65,36,578,0
65,50,594,1
65,51,813,3
65,52,233,1
65,84,496,0
65,85,1073,1
65,88,608,3
65,125,2818,24
65,126,3384,28
65,127,552,4
65,11,284,0
65,48,708,3
65,70,628,1
65,94,86,0
65,124,31,0
66,11,547,1
66,50,64,0
66,70,30,0
66,85,360,0
66,86,138,0
66,93,462,1
66,124,3410,28
66,125,3160,26
66,126,2725,24
66,127,340,3
66,5,534,3
66,9,253,0
66,12,323,1
66,28,843,5
66,29,507,3
66,49,6,0
66,80,99,0
66,81,195,0
66,91,698,4
66,92,272,1
66,123,0,0
67,5,718,2
67,12,357,1
67,27,375,1
67,28,342,0
67,29,480,1
67,35,139,0
67,36,1266,3
67,41,1705,2
67,49,247,0
67,51,354,0
67,80,259,0
67,81,751,0
67,90,243,1
67,91,19,0
67,92,35,0
67,123,173,0
67,124,974,2
67,4,379,1
67,9,7,0
67,10,32,0
67,30,0,0
67,31,191,0
67,67,126,0
67,87,556,1
68,2,55,0
68,4,91,0
68,9,212,0
68,10,4070,11
68,11,1903,4
68,20,704,1
68,21,2719,4
68,26,299,1
68,31,686,1
68,35,953,2
68,42,402,0
68,43,645,3
68,81,299,0
68,88,1241,4
68,123,198,0
68,127,136,0
68,12,354,0
68,27,348,1
68,28,655,0
68,29,1027,2
68,50,338,0
68,82,214,0
68,83,0,0
68,87,0,0
68,90,254,1
68,119,281,2
69,10,792,1
69,11,1583,4
69,12,2168,5
69,21,32,0
69,28,51,0
69,29,73,0
69,35,1142,3
69,36,203,0
69,50,272,0
69,82,7,0
69,119,1432,10
69,122,198,1
69,6,757,2
69,13,97,0
69,22,220,0
69,23,595,2
69,45,814,5
69,55,0,0
69,56,0,0
69,63,0,0
69,118,5,0
70,4,141,0
70,5,332,1
70,6,198,0
70,10,13,0
70,20,60,0
70,21,355,0
70,22,1529,2
70,23,695,2
70,24,254,0
70,29,254,0
70,30,138,0
70,31,13,0
70,33,886,2
70,35,659,1
70,45,2,0
70,55,0,0
70,56,1072,1
70,2,258,0
70,18,108,0
70,43,7,0
70,67,632,1
70,68,118,0
70,78,2,0
70,79,7,0
71,2,159,0
71,3,241,1
71,5,543,1
71,6,59,0
71,18,1006,1
71,19,2106,2
71,23,2061,7
71,29,430,0
71,30,11,0
71,33,539,1
71,56,1152,1
71,66,483,1
71,67,1620,4
71,68,294,0
71,78,0,0
71,124,597,2
71,31,0,0
71,65,742,2
72,5,343,2
72,9,29,0
72,19,0,0
72,20,1313,0
72,28,892,4
72,29,616,2
72,62,489,8
72,67,328,0
72,68,138,1
72,77,361,3
72,78,59,0
72,79,660,2
72,24,145,0
72,25,125,0
72,27,32,0
72,44,74,0
72,45,240,0
72,80,0,0
73,24,754,1
73,25,528,1
73,28,1029,6
73,29,2549,14
73,68,339,2
73,79,739,2
73,80,0,0
73,82,308,1
73,0,29,0
74,0,758,0
74,24,82,0
74,27,701,0
74,28,295,1
74,29,1978,11
74,36,664,2
74,41,15,0
74,42,910,2
74,70,1226,8
74,82,738,2
74,87,34,0
74,88,568,0
74,1,686,1
74,4,0,0
74,15,1,0
74,16,1069,4
74,35,297,1
74,80,541,1
74,81,242,0
75,0,452,1
75,1,928,2
75,2,93,0
75,3,2,0
75,4,720,4
75,5,757,4
75,14,1799,5
75,15,10,0
75,27,1238,2
75,28,1108,7
75,30,550,2
75,35,40,0
75,36,35,0
75,42,0,0
75,46,603,1
75,68,1130,8
75,69,60,0
75,70,2298,17
75,71,867,6
75,80,823,2
75,13,514,2
75,31,190,1
75,67,110,0
76,1,288,0
76,2,501,1
76,14,1029,3
76,22,323,0
76,23,2014,3
76,28,602,2
76,30,837,4
76,31,639,3
76,35,228,0
76,58,487,9
76,66,817,1
76,67,2184,3
76,68,614,4
76,70,299,2
76,73,0,0
76,74,187,1
76,13,329,0
76,24,42,0
76,33,6,0
76,34,1008,5
76,38,1163,2
77,12,1255,1
77,14,293,1
77,28,483,3
77,30,661,4
77,31,2189,14
77,33,1701,6
77,34,40,0
77,38,57,0
77,47,208,1
77,67,0,0
77,126,57,0
77,11,436,0
77,13,81,0
77,15,207,0
77,29,9,0
77,32,40,0
77,35,19,0
77,45,36,0
77,68,330,1
77,69,252,0
78,5,35,0
78,6,10,0
78,11,521,0
78,13,1531,6
78,14,11,0
78,15,332,1
78,18,271,0
78,19,1432,1
78,20,400,0
78,28,1784,12
78,29,625,4
78,31,2,0
78,32,933,6
78,33,950,3
78,34,284,1
78,41,103,0
78,45,1349,8
78,47,363,2
78,48,1321,2
78,49,1181,2
78,81,1015,0
78,10,706,1
78,25,59,0
78,74,31,0
78,122,1045,0
79,10,448,0
79,14,687,2
79,25,145,0
79,26,277,0
79,28,2021,13
79,29,1415,10
79,31,41,0
79,32,1019,6
79,41,637,0
79,47,41,0
79,48,859,1
79,49,19,0
79,51,1174,1
79,52,251,0
79,74,128,0
79,75,12,0
79,79,76,0
79,24,545,2
79,27,69,0
79,30,443,3
79,37,145,0
79,38,240,0
79,101,32,0
79,102,470,1
79,105,51,0
79,107,295,1
79,127,580,0
80,24,684,2
80,25,456,0
80,26,998,3
80,27,2479,8
80,28,3036,22
80,29,2351,16
80,30,2175,14
80,31,505,3
80,32,16,0
80,33,977,3
80,37,16,0
80,44,664,3
80,102,430,1
80,103,42,0
80,127,137,0
80,2,715,2
80,3,8,0
80,43,46,0
80,55,49,0
80,75,32,0
80,101,101,0
80,104,219,1
80,105,473,2
80,106,727,2
81,2,98,0
81,3,2121,5
81,16,1061,3
81,17,272,0
81,25,2754,9
81,27,8969,33
81,28,8548,62
81,29,3447,23
81,30,3525,25
81,31,270,1
81,32,247,1
81,33,1074,4
81,34,307,0
81,39,41,0
81,75,479,0
81,76,0,0
81,101,639,1
81,102,614,2
81,103,360,1
81,104,1222,5
81,112,453,2
81,114,1258,9
81,115,379,2
81,117,262,1
81,118,483,0
81,124,1218,0
81,26,623,1
81,47,17,0
81,69,36,0
81,70,2319,7
81,80,534,0
81,100,617,2
81,106,1,0
81,111,67,0
81,113,50,0
81,116,727,5
81,125,12,0
82,4,29,0
82,9,729,2
82,10,749,3
82,11,1073,4
82,12,302,1
82,13,1824,4
82,22,890,5
82,23,5234,33
82,24,4036,25
82,25,6238,40
82,26,16642,111
82,27,14716,97
82,28,5800,28
82,29,1763,7
82,33,1327,5
82,34,8,0
82,47,773,1
82,51,184,0
82,55,1537,7
82,56,396,1
82,62,0,0
82,69,2320,18
82,70,4009,32
82,71,438,2
82,100,3,0
82,101,1038,7
82,102,3473,24
82,103,2523,16
82,104,1921,12
82,106,676,4
82,111,420,2
82,112,62,0
82,113,392,2
82,114,2736,16
82,117,1594,9
82,118,114,0
82,8,107,0
82,30,603,3
82,54,105,0
82,61,87,0
82,67,64,0
82,79,23,0
82,80,118,0
82,81,60,0
82,82,211,1
83,8,243,1
83,9,98,0
83,11,669,2
83,12,1786,8
83,13,164,0
83,17,100,0
83,18,615,3
83,19,100,0
83,22,2632,16
83,23,9622,63
83,24,5855,38
83,25,6075,39
83,26,7515,49
83,27,9235,60
83,28,997,4
83,29,4088,18
83,30,2864,12
83,32,116,0
83,33,98,0
83,34,1627,7
83,38,962,5
83,45,835,1
83,46,203,0
83,47,1222,2
83,48,1018,3
83,49,160,0
83,54,998,4
83,55,114,0
83,56,1169,5
83,57,430,1
83,61,2244,8
83,62,0,0
83,67,260,3
83,68,1866,15
83,69,2912,22
83,70,1374,11
83,71,0,0
83,72,2863,22
83,78,531,2
83,79,207,1
83,81,354,2
83,82,41,0
83,100,3028,22
83,101,2804,20
83,102,1675,11
83,103,268,1
83,105,121,0
83,106,164,1
83,108,13,0
83,111,678,4
83,112,710,4
83,113,2286,12
83,114,1311,7
83,127,1309,12
83,2,117,0
83,39,29,0
83,40,0,0
83,51,497,1
83,52,41,0
83,53,148,0
83,73,2186,24
83,74,0,0
84,2,1186,1
84,12,1,0
84,15,569,0
84,22,908,5
84,23,878,4
84,24,1466,8
84,25,1320,8
84,26,2547,16
84,27,4114,26
84,28,196,0
84,29,251,0
84,30,0,0
84,34,1321,5
84,38,417,1
84,39,1168,6
84,46,403,0
84,51,738,1
84,52,785,3
84,56,2,0
84,57,1020,5
84,68,827,6
84,69,517,4
84,73,277,3
84,74,71,0
84,100,803,5
84,101,4698,35
84,102,650,4
84,105,894,5
84,106,438,3
84,107,754,4
84,108,602,4
84,112,777,5
84,113,285,1
84,127,6497,64
84,3,264,0
84,4,433,0
84,14,8,0
84,20,21,0
84,21,71,0
84,40,174,1
84,47,77,0
84,80,208,1
84,81,185,1
84,83,14,0
84,103,114,0
84,104,0,0
85,1,567,0
85,3,33,0
85,4,32,0
85,14,87,0
85,18,587,3
85,23,866,4
85,24,1970,12
85,25,271,1
85,26,797,5
85,27,171,1
85,28,990,3
85,29,858,4
85,31,54,0
85,38,781,4
85,40,155,0
85,47,898,1
85,48,917,3
85,49,391,0
85,50,787,1
85,60,446,1
85,61,1239,3
85,72,30,0
85,73,625,6
85,80,330,2
85,81,518,3
85,83,294,1
85,84,348,1
85,101,19,0
85,102,206,1
85,103,140,0
85,105,1413,8
85,111,1497,9
85,112,1721,10
85,113,281,1
85,126,963,8
85,127,6635,65
85,0,1650,3
85,5,19,0
85,21,342,2
85,104,245,1
85,110,342,2
86,0,313,0
86,1,153,0
86,21,2103,12
86,22,159,0
86,23,205,1
86,24,18,0
86,28,311,0
86,29,308,1
86,38,104,0
86,48,666,1
86,49,394,1
86,71,309,2
86,73,0,0
86,80,337,2
86,104,1369,8
86,105,2523,16
86,106,1746,11
86,111,1402,9
86,126,0,0
86,127,6080,60
86,19,40,0
86,45,202,0
86,66,22,0
86,69,384,3
86,75,0,0
86,81,173,1
86,122,536,2
87,6,244,0
87,7,408,0
87,12,1037,2
87,13,40,0
87,21,1598,11
87,22,971,7
87,26,166,0
87,28,1079,4
87,31,48,0
87,32,355,1
87,33,1210,4
87,45,1279,2
87,49,901,2
87,50,409,1
87,66,85,0
87,67,280,0
87,71,418,0
87,73,389,1
87,74,768,2
87,75,311,0
87,78,325,0
87,79,538,1
87,81,342,0
87,82,0,0
87,102,739,1
87,103,240,1
87,104,1101,6
87,105,583,3
87,106,167,0
87,107,573,2
87,111,259,1
87,121,1845,11
87,122,334,2
87,3,2,0
87,20,29,0
87,23,1534,7
87,43,228,0
87,44,486,0
87,120,1125,7
88,3,144,0
88,11,703,1
88,12,2129,4
88,13,924,4
88,15,708,3
88,23,671,3
88,24,267,1
88,28,62,0
88,39,21,0
88,42,1424,2
88,43,429,0
88,44,504,0
88,45,6,0
88,49,11,0
88,83,127,0
88,102,556,1
88,103,2665,17
88,104,115,0
88,120,2020,13
88,121,5029,32
88,4,727,1
88,14,335,1
88,22,26,0
88,27,216,1
88,46,592,1
88,50,162,0
88,51,306,1
88,69,438,0
88,70,341,0
88,86,13,0
88,97,153,0
88,98,1003,3
89,4,1240,2
89,11,852,0
89,12,312,0
89,14,1199,5
89,24,494,2
89,25,1649,7
89,27,214,1
89,28,234,1
89,39,735,0
89,50,390,1
89,51,199,0
89,78,0,0
89,81,280,0
89,83,353,3
89,84,143,1
89,92,89,0
89,97,650,3
89,98,243,0
89,103,26,0
89,119,1368,8
89,120,4533,29
89,121,4110,26
89,13,68,0
89,20,187,0
89,85,258,2
89,93,493,2
89,94,412,2
89,95,74,0
89,96,29,0
89,117,546,0
90,4,578,0
90,5,476,1
90,10,1444,4
90,11,473,1
90,12,161,0
90,14,589,2
90,18,418,3
90,19,334,1
90,20,24,0
90,24,871,4
90,27,86,0
90,28,2320,10
90,38,442,0
90,40,456,0
90,51,3490,11
90,52,400,1
90,65,210,0
90,93,388,2
90,95,517,3
90,96,849,3
90,97,440,2
90,101,1571,5
90,102,1167,3
90,103,68,0
90,112,11,0
90,117,1563,0
90,118,2255,13
90,119,8233,54
90,120,4258,27
90,121,785,5
90,31,213,1
90,32,445,2
90,34,419,1
90,82,32,0
90,94,160,0
91,10,281,0
91,12,1421,3
91,14,182,0
91,30,634,2
91,31,816,2
91,32,754,3
91,37,645,1
91,38,595,0
91,39,831,1
91,40,797,1
91,51,1691,6
91,52,1024,3
91,53,0,0
91,82,560,0
91,89,1129,0
91,95,675,3
91,96,160,0
91,117,302,0
91,118,4688,30
91,119,4097,26
91,120,2472,15
91,13,157,0
91,92,152,0
91,94,303,1
91,102,363,1
91,108,8,0
91,109,326,2
92,7,70,0
92,8,338,0
92,11,120,0
92,52,516,1
92,92,1112,3
92,108,325,2
92,109,3037,20
92,110,651,3
92,117,405,2
92,118,2344,19
92,119,3902,34
92,120,9,0
92,124,19,0
92,13,46,0
92,53,297,1
92,54,97,0
92,55,389,1
92,56,46,0
92,91,99,0
92,96,702,6
92,111,0,0
93,0,303,1
93,13,270,0
93,52,447,1
93,53,550,2
93,54,1799,7
93,81,79,0
93,93,123,1
93,102,182,1
93,107,1769,17
93,108,285,1
93,109,3522,24
93,110,3238,22
93,111,229,1
93,118,1282,11
93,119,2129,18
93,122,31,0
93,11,80,0
93,12,241,0
93,17,572,0
93,55,353,1
93,86,62,0
93,103,5,0
93,106,352,3
93,127,1,0
94,0,760,3
94,7,85,0
94,12,0,0
94,14,383,0
94,17,159,0
94,28,434,0
94,48,1039,3
94,53,1297,5
94,54,36,0
94,55,469,2
94,56,2400,11
94,57,2001,9
94,85,317,1
94,86,439,2
94,92,105,0
94,102,250,2
94,106,7356,73
94,107,5218,52
94,108,1917,13
94,109,675,4
94,110,439,2
94,118,8,0
94,119,690,6
94,127,2173,12
94,58,933,6
94,82,389,2
94,84,119,0
94,103,1582,15
94,104,1712,17
94,105,410,4
94,125,229,1
94,126,163,0
95,8,23,0
95,48,1182,3
95,51,1316,5
95,52,465,1
95,56,648,3
95,57,791,3
95,58,504,3
95,63,1306,3
95,84,29,0
95,91,198,0
95,99,305,2
95,103,7508,75
95,104,5673,57
95,105,5276,53
95,106,4077,40
95,107,5352,54
95,108,5820,39
95,111,673,4
95,117,341,2
95,125,637,3
95,126,5568,34
95,127,2314,11
95,0,183,0
95,13,29,0
95,23,610,0
95,25,479,0
95,38,473,0
95,47,2025,6
95,50,199,0
95,65,101,0
95,88,1105,3
95,89,790,2
95,100,0,0
95,102,1899,18
95,124,17,0
96,8,0,0
96,13,93,0
96,14,106,0
96,15,2031,2
96,20,341,2
96,25,0,0
96,37,867,10
96,38,1600,0
96,47,553,1
96,48,58,0
96,50,2051,7
96,51,970,3
96,88,125,0
96,102,3264,30
96,103,8862,90
96,104,3962,39
96,105,3030,31
96,106,770,7
96,107,4095,41
96,108,3164,21
96,110,12,0
96,120,112,0
96,125,615,3
96,1,70,0
96,11,587,0
96,16,702,0
96,19,0,0
96,44,407,1
96,49,230,0
96,119,218,2
97,1,1534,8
97,2,272,1
97,8,829,3
97,9,109,0
97,10,274,1
97,14,262,0
97,15,99,0
97,30,1692,6
97,37,728,0
97,45,759,4
97,47,225,1
97,49,18,0
97,50,105,1
97,51,0,0
97,103,241,1
97,104,813,5
97,105,8190,59
97,106,1986,13
97,107,4169,29
97,11,395,1
97,12,60,0
97,13,509,1
97,29,428,1
97,44,10,0
97,46,0,0
97,48,420,4
97,108,2,0
97,109,136,1
97,110,265,2
98,1,321,1
98,5,0,0
98,6,191,0
98,10,271,1
98,13,1982,5
98,44,36,0
98,45,1255,6
98,46,1054,4
98,47,475,2
98,48,444,4
98,103,186,1
98,104,4019,28
98,105,9101,66
98,106,13686,101
98,107,4893,36
98,108,1005,7
98,109,2142,17
98,110,6579,55
98,111,3643,30
98,119,2081,5
98,12,95,0
98,25,301,1
98,62,0,0
98,96,29,0
98,101,0,0
98,102,0,0
98,118,195,0
99,2,694,4
99,6,502,2
99,13,223,0
99,23,1103,4
99,24,1149,4
99,25,616,2
99,26,2484,10
99,43,77,0
99,44,1169,5
99,45,2739,12
99,46,530,1
99,47,276,1
99,54,373,0
99,62,688,3
99,66,24,0
99,67,668,0
99,96,1298,3
99,97,1472,4
99,101,350,0
99,102,1248,4
99,103,2362,16
99,104,2955,21
99,105,1607,11
99,106,12770,93
99,107,9206,68
99,108,8096,69
99,109,3420,27
99,110,11994,103
99,111,8667,74
99,118,533,1
99,119,1835,5
99,8,0,0
99,22,241,0
99,59,896,4
99,60,266,0
99,63,43,0
99,75,358,1
99,95,603,2
99,112,1660,14
99,115,244,0
100,10,447,1
100,21,911,2
100,22,826,2
100,26,927,3
100,43,3377,17
100,44,7491,39
100,45,885,4
100,59,336,0
100,60,2320,9
100,70,1690,4
100,71,121,0
100,72,248,0
100,75,194,0
100,97,113,0
100,98,773,3
100,105,5066,35
100,106,6280,45
100,107,11916,88
100,108,3436,28
100,109,1987,17
100,110,3395,28
100,111,7025,59
100,112,849,7
100,115,145,0
100,4,119,0
100,5,87,0
100,8,470,2
100,38,505,1
100,39,29,0
100,61,251,1
100,104,0,0
101,3,650,2
101,4,453,2
101,5,650,2
101,6,1341,4
101,7,6,0
101,8,629,2
101,21,357,1
101,38,2909,6
101,39,362,0
101,43,1727,8
101,44,4542,22
101,45,2727,14
101,59,1053,3
101,60,550,1
101,61,646,3
101,75,459,1
101,76,64,0
101,102,853,3
101,104,1670,11
101,105,5063,36
101,106,3346,24
101,107,8950,64
101,108,4343,36
101,110,405,3
101,111,19,0
101,15,520,1
101,16,431,1
101,40,116,0
101,41,68,0
101,48,77,0
101,52,36,0
101,74,170,0
101,98,0,0
101,99,0,0
101,101,14,0
101,103,302,2
102,0,388,1
102,3,455,2
102,4,840,3
102,6,2146,10
102,7,1486,8
102,8,386,2
102,9,52,0
102,10,479,2
102,15,215,1
102,19,878,0
102,35,1133,4
102,47,174,0
102,48,28,0
102,71,975,1
102,94,161,0
102,95,763,3
102,98,1079,3
102,99,0,0
102,101,1820,4
102,102,800,1
102,103,3,0
102,104,236,1
102,105,473,3
102,106,247,2
102,107,4749,37
102,108,6729,57
102,109,251,2
102,5,102,0
102,12,361,2
102,34,387,1
102,39,828,4
102,49,0,0
102,56,18,0
102,88,39,0
103,2,1185,3
103,3,0,0
103,4,981,5
103,5,388,1
103,6,4145,21
103,7,1004,5
103,8,520,3
103,11,362,2
103,13,810,4
103,14,877,5
103,25,1033,4
103,26,8,0
103,34,2190,9
103,35,130,0
103,36,0,0
103,37,818,3
103,38,2189,8
103,39,240,1
103,40,42,0
103,41,49,0
103,52,1118,1
103,58,1882,5
103,59,1038,2
103,60,266,0
103,81,540,1
103,82,77,0
103,83,1147,1
103,84,747,1
103,88,1252,1
103,101,1003,2
103,106,0,0
103,107,0,0
103,109,380,3
103,110,112,0
103,18,4,0
103,24,16,0
103,31,191,0
103,32,1514,3
103,33,922,4
103,80,343,0
103,89,331,0
103,90,85,0
103,91,285,0
103,102,4,0
104,0,13,0
104,5,432,2
104,6,228,1
104,7,140,0
104,8,343,2
104,18,3334,3
104,19,243,0
104,20,1018,0
104,21,0,0
104,24,79,0
104,25,1064,5
104,31,2741,7
104,32,2492,6
104,33,1491,6
104,79,210,0
104,80,101,0
104,89,697,0
104,99,608,1
104,101,555,1
104,126,1153,0
104,9,133,0
104,10,2,0
104,30,398,1
104,59,108,0
104,70,16,0
104,71,18,0
104,73,32,0
104,74,5,0
104,78,0,0
104,120,352,1
105,4,489,2
105,5,3136,16
105,20,15,0
105,21,0,0
105,31,856,2
105,32,1006,2
105,34,4,0
105,43,21,0
105,44,94,0
105,51,9,0
105,59,677,2
105,60,16,0
105,71,138,0
105,75,323,1
105,78,0,0
105,79,0,0
105,89,0,0
105,91,179,0
105,92,1934,1
105,119,375,1
105,120,1863,6
105,0,651,1
105,6,254,1
105,10,109,0
105,14,25,0
105,25,231,1
105,40,2,0
105,100,7,0
105,114,3,0
106,4,13,0
106,14,192,1
106,27,619,2
106,43,721,0
106,70,2027,2
106,71,171,0
106,76,672,4
106,79,23,0
106,82,355,0
106,91,1634,1
106,92,109,0
106,114,651,2
106,26,73,0
106,44,8,0
106,51,82,0
106,75,164,0
106,77,205,1
106,78,191,0
106,93,249,1
106,106,95,0
107,17,1328,7
107,20,427,3
107,26,112,0
107,27,1162,5
107,38,180,0
107,39,0,0
107,43,99,0
107,44,0,0
107,50,452,2
107,51,18,0
107,67,189,0
107,69,811,1
107,70,1292,2
107,71,791,2
107,74,1866,12
107,75,9,0
107,76,2010,11
107,77,839,5
107,91,348,0
107,92,526,1
107,96,209,2
107,106,1333,0
107,10,203,0
107,11,81,0
107,18,951,6
107,19,364,2
107,28,489,1
107,30,0,0
107,60,10,0
107,82,715,2
107,89,29,0
107,98,22,0
107,111,799,2
107,112,4,0
108,16,845,5
108,17,731,4
108,18,2951,21
108,19,605,4
108,20,87,0
108,27,4,0
108,28,142,0
108,42,209,1
108,44,17,0
108,46,76,0
108,47,957,8
108,48,355,1
108,49,2109,12
108,50,448,2
108,51,611,2
108,59,208,1
108,60,1969,16
108,61,629,5
108,69,0,0
108,70,288,0
108,76,647,4
108,77,6,0
108,82,1687,4
108,101,218,0
108,111,178,0
108,112,79,0
108,13,189,1
108,15,89,0
108,40,81,0
108,41,282,1
108,43,107,1
108,52,361,2
108,53,569,4
108,81,824,2
108,126,490,1
109,3,292,0
109,7,18,0
109,17,6,0
109,18,263,1
109,19,446,2
109,37,47,0
109,42,715,3
109,47,349,3
109,48,1293,6
109,49,1891,10
109,50,1891,9
109,51,539,3
109,52,32,0
109,53,195,1
109,60,435,3
109,81,1397,3
109,82,146,0
109,28,347,0
109,29,472,1
109,38,101,0
109,41,518,2
109,54,474,3
109,56,138,1
109,59,409,3
110,2,38,0
110,3,729,0
110,4,62,0
110,26,4,0
110,27,121,0
110,28,0,0
110,29,13,0
110,38,4,0
110,42,1042,4
110,47,0,0
110,48,127,0
110,50,1464,8
110,51,1656,7
110,56,783,5
110,57,2726,19
110,60,115,1
110,100,261,1
110,12,320,1
110,20,895,6
110,53,398,2
110,54,437,3
110,86,290,2
111,1,251,2
111,2,416,4
111,3,1103,2
111,11,574,2
111,12,390,1
111,20,1099,7
111,40,1341,6
111,42,1706,7
111,51,43,0
111,53,344,2
111,54,307,1
111,55,1249,8
111,56,0,0
111,57,701,4
111,58,1217,9
111,59,3766,32
111,65,368,0
111,66,692,0
111,100,5,0
111,27,47,0
111,28,571,1
111,39,445,2
111,43,428,4
111,60,227,2
111,95,18,0
111,110,347,0
112,2,325,0
112,6,11,0
112,11,921,1
112,12,2,0
112,19,325,1
112,28,123,0
112,30,259,1
112,39,139,0
112,40,221,0
112,55,802,5
112,56,152,0
112,58,427,2
112,59,2877,17
112,60,572,2
112,61,190,0
112,64,946,2
112,88,526,2
112,89,0,0
112,110,559,1
112,10,110,0
112,20,1613,5
112,31,391,2
112,66,158,0
113,3,625,2
113,4,27,0
113,11,1826,4
113,12,2528,6
113,13,2008,6
113,19,255,0
113,20,2178,6
113,21,2661,7
113,22,53,0
113,28,587,3
113,55,484,3
113,56,4075,25
113,57,3456,21
113,58,5731,34
113,59,3348,19
113,63,834,2
113,64,0,0
113,66,336,0
113,68,1869,8
113,77,810,3
113,78,318,1
113,87,0,0
113,88,529,2
113,91,145,0
113,6,368,2
113,7,261,1
113,23,9,0
113,45,501,0
113,49,132,0
113,89,184,0
113,90,580,2
113,92,94,0
113,112,176,0
113,113,436,2
114,6,1083,5
114,7,171,0
114,8,450,1
114,11,729,1
114,12,220,0
114,13,109,0
114,19,19,0
114,20,6,0
114,21,400,1
114,22,329,1
114,23,20,0
114,37,1068,0
114,38,36,0
114,39,104,0
114,45,1489,3
114,51,566,2
114,56,660,4
114,57,2980,19
114,58,3057,18
114,69,1478,5
114,89,498,2
114,90,0,0
114,92,288,1
114,110,881,1
114,112,725,1
114,113,84,0
114,54,88,0
114,68,498,2
114,111,1082,2
114,121,528,1
115,6,2098,11
115,11,19,0
115,24,58,0
115,36,881,0
115,37,126,0
115,39,331,1
115,47,1155,1
115,54,506,3
115,58,3,0
115,73,432,1
115,84,400,2
115,110,359,0
115,111,1688,4
115,121,1798,7
115,122,896,3
115,123,861,1
115,0,472,0
115,7,166,0
115,14,627,2
115,15,72,0
115,25,391,5
115,38,4,0
115,48,56,0
116,6,45,0
116,11,1471,3
116,15,469,1
116,16,167,0
116,27,311,3
116,37,2209,1
116,38,2063,6
116,40,56,0
116,41,654,1
116,42,669,2
116,46,398,0
116,47,264,0
116,48,32,0
116,56,5,0
116,68,1698,8
116,69,575,2
116,72,414,1
116,82,286,0
116,122,2108,8
116,123,1278,3
116,4,951,5
116,44,419,0
116,45,134,0
116,71,432,2
117,27,1461,4
117,35,100,0
117,36,740,1
117,37,400,0
117,38,614,0
117,40,31,0
117,68,196,1
117,69,35,0
117,71,2224,18
117,73,1163,6
117,74,319,2
117,90,947,1
117,91,0,0
117,117,830,8
117,118,3378,26
117,119,1344,10
117,122,3,0
117,5,92,0
117,26,586,2
117,30,32,0
117,31,1463,9
117,32,127,0
117,72,715,6
117,116,13,0
118,0,354,0
118,4,424,0
118,5,506,0
118,27,755,2
118,31,460,2
118,33,633,1
118,36,1501,5
118,37,1998,7
118,38,222,0
118,71,64,0
118,73,1345,7
118,117,1888,19
118,118,3823,29
118,119,2177,16
118,8,499,2
118,10,104,0
118,11,0,0
118,25,392,1
118,51,0,0
118,56,37,0
118,63,670,2
118,68,22,0
118,79,563,0
118,104,1021,2
119,8,263,1
119,9,77,0
119,10,735,3
119,11,6,0
119,17,1824,2
119,18,0,0
119,21,138,0
119,22,3,0
119,23,1561,4
119,25,1509,4
119,26,3822,13
119,28,396,1
119,33,1226,4
119,35,340,0
119,36,724,2
119,50,0,0
119,51,1027,5
119,56,1131,4
119,79,250,0
119,96,904,0
119,104,197,0
119,117,123,1
119,118,1000,8
119,119,45,0
119,1,0,0
119,2,13,0
119,14,146,0
119,15,190,0
119,24,1694,5
119,27,152,0
119,49,687,4
119,53,519,2
119,54,7,0
119,55,106,0
119,64,241,0
119,72,0,0
119,75,86,0
119,97,378,0
119,98,310,1
119,99,461,1
120,1,514,0
120,2,296,0
120,10,1359,5
120,13,255,0
120,14,1384,1
120,15,376,0
120,17,26,0
120,25,1578,5
120,26,2754,8
120,27,337,0
120,28,730,3
120,31,17,0
120,32,14,0
120,45,681,3
120,46,1417,6
120,49,711,4
120,50,2710,15
120,51,3330,18
120,52,2980,16
120,53,4367,19
120,54,1204,5
120,55,303,1
120,56,39,0
120,64,1198,3
120,65,60,0
120,73,104,0
120,74,36,0
120,76,429,2
120,98,22,0
120,99,315,0
120,104,788,1
120,9,57,0
120,11,151,0
120,36,176,0
120,37,456,1
120,100,424,1
120,101,71,0
121,2,1031,1
121,9,1154,5
121,10,46,0
121,11,227,0
121,12,455,2
121,15,905,1
121,16,33,0
121,26,26,0
121,27,1113,3
121,34,432,1
121,35,0,0
121,36,113,0
121,37,379,1
121,44,642,3
121,45,2544,14
121,46,1080,6
121,51,2298,13
121,52,6278,36
121,53,474,2
121,54,3389,15
121,55,1888,8
121,65,720,2
121,73,833,5
121,98,582,1
121,99,757,1
121,100,345,1
121,13,881,0
121,14,422,0
121,32,153,0
121,33,1139,4
121,38,489,0
121,56,54,0
122,1,1319,6
122,2,41,0
122,3,586,1
122,8,441,1
122,9,611,1
122,14,0,0
122,27,319,1
122,32,11,0
122,33,48,0
122,38,150,0
122,39,2,0
122,44,862,2
122,50,140,1
122,51,385,2
122,52,1235,9
122,55,177,1
122,56,187,1
122,62,353,1
122,63,408,2
122,67,623,4
122,73,1266,5
122,74,419,1
122,98,250,0
122,107,1023,2
122,17,0,0
122,42,259,0
122,43,903,2
122,89,830,2
122,97,739,3
123,0,371,2
123,1,1277,6
123,2,528,2
123,3,33,0
123,4,0,0
123,17,692,0
123,40,670,2
123,41,1168,2
123,43,0,0
123,46,111,0
123,47,504,0
123,52,1047,7
123,53,410,3
123,57,216,2
123,62,1147,4
123,63,311,2
123,68,206,0
123,89,0,0
123,97,11,0
123,98,84,0
123,27,428,2
123,28,256,1
123,42,423,1
123,59,219,0
123,99,219,0
123,117,472,4
123,118,524,3
124,1,399,1
124,2,1424,7
124,3,966,3
124,4,559,1
124,8,374,0
124,9,582,1
124,10,132,0
124,22,535,0
124,23,3,0
124,26,651,2
124,28,1501,7
124,29,298,1
124,30,358,1
124,59,412,0
124,60,210,0
124,61,960,3
124,62,1190,4
124,70,2,0
124,71,6,0
124,96,297,1
124,99,41,0
124,107,332,0
124,115,13,0
124,116,1609,15
124,117,5628,55
124,118,2955,19
124,119,2329,14
124,0,86,0
124,48,53,0
124,57,348,3
124,120,11,0
125,0,57,0
125,1,677,3
125,2,56,0
125,3,239,1
125,14,218,0
125,22,715,0
125,23,714,3
125,26,2164,9
125,27,746,3
125,28,14,0
125,29,488,3
125,38,105,0
125,48,135,1
125,57,1152,10
125,61,363,1
125,62,1685,6
125,73,374,1
125,97,357,1
125,117,0,0
125,118,2827,17
125,119,3581,22
125,12,34,0
125,25,727,3
125,47,141,0
126,4,324,1
126,5,612,2
126,8,535,0
126,22,46,0
126,23,472,1
126,25,357,1
126,26,184,0
126,37,992,1
126,38,1915,5
126,62,1113,4
126,66,14,0
126,73,959,4
126,74,25,0
126,108,720,3
126,109,1069,4
126,110,33,0
126,119,568,3
126,24,343,1
126,39,54,0
126,40,419,1
126,49,0,0
126,51,12,0
126,52,563,3
126,54,444,4
126,63,2,0
126,72,92,0
126,85,301,0
126,120,1370,8
127,18,602,0
127,23,493,1
127,24,24,0
127,34,467,2
127,36,785,4
127,37,753,3
127,38,850,2
127,40,553,1
127,41,132,0
127,52,594,1
127,53,40,0
127,54,3256,14
127,60,967,4
127,62,705,2
127,66,19,0
127,72,32,0
127,73,438,0
127,108,434,1
127,109,1314,3
127,120,67,0
127,11,67,0
127,13,0,0
127,42,46,0
127,44,292,0
127,55,40,0
127,63,0,0
127,110,0,0
