x,y,residential_floor_area,TOT_P_2021
1,106,189,0
1,107,0,0
2,105,0,0
2,106,564,0
2,107,134,0
2,119,0,0
3,105,0,0
3,106,0,0
3,119,229,2.32
3,120,258,2.61
3,121,3,0.03
4,120,2,0.05
4,121,44,1.09
5,113,0,0
5,117,186,2.17
5,118,0,0
5,122,225,5.56
6,110,73,0.85
6,113,339,3.96
7,107,76,0
7,110,2,0.02
7,113,210,2.45
8,125,336,8.3
9,74,247,0
9,75,0,0
9,82,181,0
9,110,34,0.4
9,111,599,7
9,116,265,3.1
10,74,105,0
10,82,7,0
10,109,232,2.71
10,110,68,0.79
10,111,812,9.49
10,112,0,0
10,113,196,2.29
10,117,628,7.34
11,75,236,0
11,81,113,0
11,83,144,0
11,84,0,0
11,85,0,0
11,108,8,0.09
11,109,344,4.02
11,110,0,0
11,112,121,1.41
11,113,160,1.87
11,114,553,6.46
11,115,556,6.5
11,116,0,0
11,117,181,2.12
12,76,255,0
12,82,142,0
12,83,53,0
12,84,243,0
12,85,100,0
12,108,118,1.38
12,109,0,0
12,111,447,5.22
12,112,474,5.54
12,115,376,4.39
12,116,133,1.55
12,117,237,2.77
13,78,220,0
13,110,122,1.43
13,113,90,1.05
13,116,223,2.61
14,110,4,0.07
14,114,255,4.21
15,75,273,1
15,76,0,0
15,116,214,3.53
17,121,405,5.51
17,122,230,3.13
17,123,201,2.74
18,121,58,0.79
18,122,232,3.16
18,123,610,8.3
18,124,480,6.53
19,62,0,0
19,122,166,2.26
19,123,822,11.19
19,124,850,11.57
19,125,0,0
20,20,4,0
20,21,223,0
20,61,11,0
20,62,237,0
20,124,670,9.12
20,125,862,11.73
21,13,121,0
21,21,858,0
21,22,17,0
21,106,0,0
21,111,368,6.08
21,125,364,4.95
21,126,1,0.01
22,13,11,0
22,21,974,0
22,22,1400,0
22,23,366,0
22,51,0,0
22,106,45,2.9
22,107,48,3.1
22,108,217,3.58
22,109,240,3.96
22,112,318,5.25
23,21,733,0
23,22,1107,0
23,23,753,0
23,50,0,0
23,51,0,0
23,110,201,3.32
23,127,0,0
24,21,686,11.98
24,22,620,10.83
24,23,1328,23.19
24,24,754,13.16
24,51,0,0
24,52,1097,0
24,53,601,0
24,54,193,0
24,55,117,0
24,82,89,0.78
24,85,205,1.79
24,112,220,4.92
25,21,531,9.27
25,22,86,1.5
25,24,6,0.1
25,50,276,0
25,51,184,0
25,52,422,0
25,53,963,0
25,54,436,0
25,55,498,0
25,81,115,1
25,82,89,0.78
25,85,85,0.74
25,87,181,1.58
25,113,84,1.88
26,21,1299,22.68
26,22,712,12.43
26,23,49,0.86
26,26,136,2.37
26,50,155,0
26,51,135,0
26,52,0,0
26,53,94,0
26,54,652,0
26,55,1115,0
26,56,180,0
26,81,223,1.94
26,82,80,0.7
26,83,356,3.1
26,85,261,2.28
26,86,120,1.05
26,87,199,1.74
26,110,95,2.12
26,111,0,0
26,123,229,2.96
27,12,335,0
27,20,462,8.07
27,21,1574,27.48
27,22,0,0
27,23,49,0.86
27,26,576,10.06
27,50,124,0
27,54,122,0
27,55,188,0
27,56,485,0
27,85,39,0.34
27,86,223,1.94
27,87,20,0.17
27,110,139,3.11
27,111,0,0
27,113,96,2.15
27,114,0,0
27,124,419,5.42
28,18,103,1.8
28,20,1042,18.19
28,21,906,15.82
28,22,189,3.3
28,23,352,6.15
28,25,563,9.83
28,26,469,8.19
28,50,187,0
28,51,163,0
28,52,89,0
28,53,31,0
28,55,148,0
28,56,289,0
28,85,357,3.11
28,86,225,1.96
28,92,91,1.23
28,93,313,4.23
28,94,75,1.01
28,113,123,2.75
28,121,0,0
28,122,1163,15.03
29,15,331,0
29,16,452,0
29,17,271,0
29,18,1636,28.56
29,19,924,16.13
29,20,1102,19.24
29,21,1117,19.5
29,22,426,7.44
29,23,974,17.01
29,24,449,7.84
29,25,336,5.87
29,50,505,0
29,51,1127,0
29,52,0,0
29,53,210,0
29,54,148,0
29,55,93,0
29,56,771,0
29,85,200,1.74
29,86,0,0
29,91,720,9.72
29,92,674,9.1
29,94,221,2.98
29,113,0,0
29,121,195,2.52
29,122,345,4.46
29,124,109,1.41
30,17,39,0
30,19,696,12.15
30,20,0,0
30,21,506,8.83
30,22,1991,34.76
30,23,1777,31.03
30,24,699,12.2
30,25,660,11.52
30,51,720,0
30,53,284,0
30,54,1028,0
30,55,173,0
30,57,431,0
30,90,496,6.7
30,91,125,1.69
30,119,39,0.5
30,120,112,1.45
30,123,0,0
30,124,588,7.6
30,127,457,5.91
31,19,178,3.11
31,22,6,0.1
31,23,500,8.73
31,24,768,13.41
31,25,1066,18.61
31,26,988,17.25
31,51,2,0
31,52,462,0
31,53,310,0
31,54,194,0
31,55,608,0
31,56,891,0
31,57,1028,0
31,58,288,2.91
31,86,156,1.36
31,87,664,5.79
31,88,343,4.63
31,90,799,10.79
31,91,120,1.62
31,93,475,6.41
31,94,9,0.12
31,97,103,1.39
31,98,161,3
31,119,568,7.34
31,120,51,0.66
31,121,211,2.73
31,124,328,4.24
31,126,549,7.1
31,127,487,6.3
32,19,198,3.46
32,24,607,10.6
32,25,565,9.86
32,26,1628,28.42
32,27,666,11.63
32,28,155,0
32,29,634,0
32,30,287,0
32,52,646,0
32,54,485,0
32,55,727,0
32,56,9,0
32,57,968,0
32,58,495,4.99
32,59,220,2.22
32,86,180,1.57
32,87,290,2.53
32,88,29,0.39
32,90,657,8.87
32,91,0,0
32,92,250,3.37
32,93,647,8.73
32,94,474,6.4
32,114,205,4.58
32,115,67,1.5
32,119,414,5.35
32,120,594,7.68
32,121,336,4.34
32,122,424,5.48
32,124,26,0.34
32,125,49,0.63
32,126,1074,13.88
32,127,493,6.37
33,21,264,4.61
33,22,7,0.12
33,23,470,8.21
33,24,944,16.48
33,25,195,3.4
33,26,232,4.05
33,27,1417,24.74
33,28,1283,0
33,29,1067,0
33,30,806,0
33,31,164,0
33,32,119,0
33,33,61,0
33,34,387,0
33,53,246,0
33,54,200,0
33,56,600,0
33,57,353,0
33,58,376,3.79
33,61,0,0
33,63,306,3.09
33,87,688,6
33,88,495,6.68
33,90,479,6.47
33,92,274,3.7
33,93,567,7.65
33,94,9,0.12
33,118,131,1.69
33,119,209,2.7
33,120,370,4.78
33,121,544,7.03
33,122,45,0.58
33,124,353,4.56
33,125,864,11.17
33,126,594,7.68
33,127,1786,23.09
34,21,157,2.53
34,22,592,9.54
34,23,333,5.37
34,27,596,9.6
34,28,206,3.69
34,29,633,11.34
34,30,899,16.11
34,31,840,15.05
34,32,1033,18.51
34,33,916,16.41
34,34,1432,25.66
34,36,551,9.87
34,38,664,10.5
34,51,320,4.43
34,52,704,9.74
34,53,118,1.63
34,54,510,7.06
34,55,238,3.29
34,58,538,7.45
34,59,289,4
34,87,673,10.21
34,88,614,6.92
34,89,113,1.27
34,90,213,2.4
34,92,122,1.38
34,93,402,4.53
34,117,0,0
34,118,547,5.47
34,119,163,1.63
34,120,34,0.34
34,121,98,0.98
34,123,133,1.33
34,124,954,9.54
34,125,785,7.85
34,126,537,5.37
34,127,595,5.95
35,19,82,1.32
35,21,5,0.08
35,22,596,9.6
35,27,445,7.17
35,30,580,10.39
35,31,359,6.43
35,32,1109,19.87
35,33,823,14.74
35,34,1144,20.5
35,35,946,16.95
35,36,593,10.62
35,37,286,5.12
35,38,1782,28.18
35,40,638,10.09
35,42,70,1.11
35,43,110,1.74
35,51,86,1.19
35,52,280,3.87
35,53,391,5.41
35,56,439,6.07
35,58,449,6.22
35,59,375,5.19
35,61,0,0
35,87,512,7.76
35,88,336,3.79
35,89,92,1.04
35,90,650,7.33
35,92,174,1.96
35,117,0,0
35,118,335,3.35
35,119,1007,10.07
35,120,1524,15.24
35,121,51,0.51
35,123,341,3.41
35,124,275,2.75
35,126,659,6.59
35,127,791,7.91
36,18,74,1.19
36,19,176,2.84
36,30,231,4.14
36,31,1169,20.94
36,32,1024,18.35
36,33,676,12.11
36,34,56,1
36,35,649,11.63
36,36,803,14.39
36,37,779,13.96
36,38,685,10.83
36,39,907,14.34
36,40,842,13.31
36,41,10,0.16
36,42,476,7.53
36,43,621,9.82
36,44,0,0
36,51,272,3.76
36,52,613,8.48
36,53,161,2.23
36,55,494,6.83
36,56,632,8.74
36,57,140,1.94
36,59,470,6.51
36,60,10,0.14
36,61,0,0
36,62,108,1.5
36,63,229,3.17
36,64,237,3.28
36,83,433,6.57
36,88,120,1.35
36,89,603,6.8
36,90,293,3.3
36,116,147,0.77
36,117,438,2.29
36,118,0,0
36,119,1,0.01
36,120,130,1.3
36,121,495,4.95
36,122,314,3.14
36,123,354,3.54
36,124,756,7.56
36,125,512,5.12
36,126,0,0
36,127,214,2.14
37,19,484,7.8
37,20,14,0.23
37,30,303,5.43
37,31,567,10.16
37,32,0,0
37,34,441,7.9
37,35,332,5.95
37,36,190,3.4
37,37,319,5.72
37,38,1527,24.14
37,39,1534,24.25
37,40,371,5.87
37,41,599,9.47
37,42,21,0.33
37,43,179,2.83
37,52,365,5.05
37,53,77,1.07
37,55,138,1.91
37,59,64,0.89
37,60,208,2.88
37,63,16,0.22
37,64,715,9.9
37,87,139,2.11
37,88,747,8.42
37,89,773,8.71
37,95,224,2.53
37,96,368,4.15
37,97,706,7.96
37,98,211,2.36
37,117,184,0.96
37,118,0,0
37,120,265,2.65
37,122,675,6.75
37,123,0,0
37,124,191,1.91
37,125,1165,11.65
37,126,954,9.54
37,127,224,2.24
38,19,165,2.66
38,20,430,6.93
38,30,114,2.04
38,35,10,0.18
38,36,243,4.35
38,37,269,4.82
38,38,180,2.85
38,39,1003,15.86
38,40,985,15.57
38,41,918,14.51
38,42,3,0.05
38,55,543,7.51
38,58,186,2.58
38,59,588,8.14
38,60,82,1.14
38,61,204,2.83
38,62,820,11.36
38,63,667,9.24
38,64,630,8.73
38,65,67,0.93
38,66,223,3.09
38,79,27,0.41
38,80,95,1.44
38,87,59,0.89
38,88,1538,17.34
38,89,282,3.18
38,95,36,0.41
38,96,410,4.62
38,97,439,4.95
38,98,442,4.94
38,99,40,0.45
38,103,0,0
38,118,158,1.58
38,119,110,1.1
38,121,660,6.6
38,122,215,2.15
38,125,250,2.5
38,126,10,0.1
39,20,0,0
39,21,82,1.32
39,36,361,6.47
39,37,556,9.96
39,40,0,0
39,41,778,12.3
39,42,658,10.4
39,43,6,0.09
39,44,77,1.22
39,57,219,3.03
39,58,212,2.94
39,59,106,1.47
39,60,4,0.06
39,61,814,11.27
39,62,137,1.9
39,65,137,1.9
39,66,0,0
39,67,202,2.8
39,71,297,3.11
39,77,5,0.05
39,78,230,3.49
39,79,19,0.29
39,80,173,2.62
39,87,354,5.37
39,88,983,11.08
39,89,0,0
39,95,236,2.66
39,96,203,2.29
39,97,108,1.22
39,98,385,4.3
39,99,437,4.88
39,100,519,5.8
39,101,39,0.44
39,103,184,2.05
39,104,461,5.15
39,105,281,3.14
39,116,66,0.34
39,118,361,3.61
39,119,0,0
39,126,185,1.85
39,127,189,1.89
40,18,73,1.18
40,19,0,0
40,20,569,9.17
40,21,499,8.04
40,22,252,4.06
40,23,165,2.66
40,35,178,3.19
40,36,862,15.44
40,37,615,11.02
40,41,580,9.17
40,42,938,14.83
40,43,249,3.94
40,44,509,8.05
40,47,0,0
40,57,0,0
40,58,280,3.88
40,62,617,8.55
40,67,610,8.45
40,68,3,0.03
40,87,212,3.22
40,88,31,0.35
40,94,112,1.26
40,95,245,2.76
40,96,159,1.79
40,97,915,10.32
40,98,671,7.49
40,99,120,1.34
40,100,531,5.93
40,101,252,2.81
40,103,92,1.03
40,104,1178,13.15
40,105,1014,11.32
40,116,4,0.02
40,119,308,3.08
40,125,27,0.27
40,126,289,2.89
40,127,51,0.51
41,19,142,2.29
41,20,75,1.21
41,22,282,4.54
41,23,322,5.19
41,34,0,0
41,36,1132,20.28
41,37,100,1.79
41,41,391,6.18
41,42,688,10.88
41,43,663,10.48
41,44,838,13.25
41,45,669,10.58
41,46,0,0
41,47,179,2.83
41,62,245,3.39
41,63,748,10.36
41,65,206,2.85
41,66,622,8.61
41,67,26,0.36
41,93,415,4.68
41,94,236,2.66
41,97,677,7.63
41,98,1589,17.74
41,100,148,1.65
41,101,195,2.18
41,103,91,1.02
41,104,683,7.63
41,105,297,3.32
41,106,43,0.48
42,18,7,0.11
42,19,240,3.87
42,20,45,0.73
42,34,280,5.02
42,35,300,5.37
42,36,1562,27.98
42,37,108,1.93
42,42,188,2.97
42,43,448,7.08
42,44,820,12.97
42,45,893,14.12
42,46,232,3.67
42,47,1135,17.95
42,48,664,9.19
42,49,238,3.29
42,50,459,6.35
42,61,264,3.66
42,62,396,5.48
42,63,76,1.05
42,65,521,7.22
42,66,672,9.31
42,67,138,1.91
42,77,173,1.81
42,78,239,3.62
42,93,171,1.93
42,94,756,8.52
42,95,287,3.24
42,96,7,0.08
42,97,524,5.91
42,98,936,10.45
42,100,352,3.93
42,103,16,0.18
42,104,617,6.89
42,117,489,2.56
42,118,616,6.16
43,18,546,8.8
43,19,717,11.55
43,20,186,3
43,21,277,4.46
43,23,197,3.17
43,24,261,4.21
43,27,38,0.61
43,31,7,0.13
43,34,374,6.7
43,35,1011,18.11
43,36,495,8.87
43,44,251,3.97
43,45,157,2.48
43,46,1034,16.35
43,47,690,10.91
43,48,330,4.57
43,49,60,0.83
43,50,1050,14.53
43,51,0,0
43,62,93,1.29
43,63,66,0.91
43,67,1,0.01
43,96,144,1.62
43,97,679,7.66
43,98,590,6.59
43,99,66,0.74
43,100,147,1.64
43,117,394,2.06
43,118,597,5.97
44,27,588,9.13
44,28,531,6.67
44,29,161,2.02
44,31,474,5.95
44,33,73,0.92
44,34,16,0.2
44,35,311,3.91
44,36,437,5.49
44,37,315,3.96
44,46,229,3.43
44,47,747,11.19
44,48,406,5.93
44,49,746,10.9
44,50,621,9.07
44,51,0,0
44,62,134,1.75
44,63,1408,18.41
44,66,72,0.94
44,67,80,1.05
44,87,0,0
44,88,0,0
44,89,280,3.19
44,96,227,2.59
44,97,58,0.66
45,15,64,0
45,16,43,0
45,17,345,0
45,18,39,0.61
45,30,674,8.47
45,31,78,0.98
45,32,368,4.62
45,33,625,7.85
45,34,43,0.54
45,35,155,1.95
45,45,294,4.4
45,46,515,7.71
45,47,258,3.86
45,48,432,6.31
45,49,277,4.05
45,50,78,1.14
45,52,101,1.48
45,55,0,0
45,58,0,0
45,59,0,0
45,61,69,0.9
45,62,832,10.88
45,63,737,9.64
45,64,709,9.27
45,65,21,0.27
45,66,301,3.94
45,71,124,1.85
45,72,883,13.16
45,88,211,2.4
45,89,128,1.46
45,99,0,0
45,127,354,2.47
46,15,0,0
46,16,444,0
46,17,0,0
46,31,231,2.9
46,32,0,0
46,34,185,2.32
46,35,243,3.05
46,38,0,0
46,39,0,0
46,43,84,1.26
46,44,913,13.68
46,45,208,3.12
46,48,899,13.13
46,49,230,3.36
46,52,190,2.78
46,53,0,0
46,55,0,0
46,57,206,3.01
46,58,0,0
46,59,0,0
46,62,348,4.55
46,63,947,12.38
46,64,757,9.9
46,65,316,4.13
46,66,107,1.4
46,70,455,6.78
46,71,450,6.71
46,72,1092,16.28
46,73,266,3.97
46,86,183,1.97
46,87,436,4.7
46,88,578,6.58
46,89,641,7.3
46,90,331,3.77
46,92,153,1.74
46,104,1937,35.11
46,127,746,5.2
47,15,155,0
47,16,240,0
47,17,92,0
47,18,256,3.97
47,20,251,3.9
47,22,0,0
47,34,178,2.24
47,39,0,0
47,41,20,0.3
47,42,550,8.24
47,43,482,7.22
47,44,97,1.45
47,46,594,8.9
47,48,48,0.7
47,49,854,12.48
47,51,241,3.52
47,52,602,8.8
47,56,111,1.62
47,57,538,7.86
47,62,137,1.79
47,63,746,9.76
47,64,427,5.58
47,65,570,7.45
47,66,258,3.37
47,71,527,7.86
47,72,205,3.06
47,86,608,6.55
47,87,366,3.94
47,88,734,8.36
47,89,1321,15.04
47,90,601,6.84
47,91,873,9.94
47,103,1213,21.99
47,104,6623,120.05
47,105,764,13.85
47,108,277,11.65
47,124,219,1.53
47,125,0,0
47,126,500,3.49
47,127,239,1.67
48,15,220,0
48,16,327,0
48,20,0,0
48,22,188,2.92
48,34,88,1.11
48,40,169,2.53
48,42,255,3.82
48,43,167,2.5
48,45,78,1.17
48,46,1497,22.42
48,47,417,6.25
48,48,0,0
48,49,381,5.57
48,50,335,4.89
48,51,0,0
48,52,573,8.37
48,53,325,4.75
48,54,6,0.09
48,56,19,0.28
48,57,477,6.97
48,58,548,7.17
48,59,142,1.86
48,60,175,2.29
48,63,964,12.61
48,64,536,7.01
48,65,557,7.28
48,70,0,0
48,71,118,1.76
48,72,671,10
48,74,0,0
48,75,0,0
48,76,276,4.11
48,77,0,0
48,78,0,0
48,79,50,0.54
48,80,0,0
48,87,92,0.99
48,89,475,5.41
48,90,997,11.35
48,91,413,4.7
48,104,0,0
48,108,37,1.56
48,124,479,3.34
48,125,0,0
49,16,261,0
49,22,185,2.87
49,23,305,4.74
49,27,0,0
49,28,102,1.28
49,29,316,3.97
49,30,254,3.19
49,31,475,5.97
49,44,66,0.99
49,45,855,12.81
49,46,50,0.75
49,47,201,3.01
49,48,110,1.61
49,49,108,1.58
49,50,689,10.07
49,51,336,4.91
49,52,1652,24.14
49,53,998,14.58
49,54,487,7.12
49,55,154,2.25
49,56,863,12.61
49,57,246,3.59
49,58,465,6.08
49,59,722,9.44
49,60,671,8.78
49,61,1002,13.1
49,62,612,8
49,63,1025,13.4
49,64,891,11.65
49,65,537,7.02
49,66,1051,13.74
49,67,0,0
49,69,185,2.76
49,70,922,13.75
49,71,404,6.02
49,72,0,0
49,74,0,0
49,75,0,0
49,76,0,0
49,77,0,0
49,78,0,0
49,79,308,3.32
49,80,0,0
49,82,0,0
49,90,245,2.79
49,91,316,3.6
49,124,123,0.86
49,125,36,0.25
50,15,21,0
50,23,232,3.6
50,28,656,8.24
50,29,526,6.61
50,30,583,7.32
50,31,911,11.44
50,32,5,0.06
50,44,190,2.85
50,45,224,3.36
50,46,87,1.3
50,47,893,13.38
50,48,402,5.87
50,49,452,6.6
50,50,298,4.35
50,51,925,13.51
50,52,401,5.86
50,53,138,2.02
50,54,0,0
50,55,91,1.33
50,56,346,5.06
50,57,386,5.64
50,58,532,6.96
50,59,617,8.07
50,60,43,0.56
50,61,139,1.82
50,62,589,7.7
50,63,970,12.69
50,64,1566,20.48
50,65,2350,30.73
50,66,3754,49.09
50,67,217,2.84
50,69,845,12.6
50,70,921,13.73
50,71,577,8.6
50,73,616,9.18
50,74,0,0
50,75,0,0
50,76,0,0
50,77,395,5.89
50,78,104,1.12
50,79,135,1.45
50,80,984,10.6
50,81,114,1.23
50,82,401,4.32
50,83,511,5.5
50,84,189,2.04
50,85,198,2.13
50,86,125,1.35
50,92,200,2.28
50,108,0,0
50,109,0,0
50,111,0,0
51,14,51,0
51,15,686,0
51,16,316,0
51,28,149,1.87
51,29,337,4.23
51,30,233,2.93
51,31,675,8.48
51,32,173,2.17
51,44,72,1.08
51,46,327,4.9
51,47,219,3.28
51,48,536,7.83
51,49,324,4.73
51,51,1019,14.89
51,52,157,2.29
51,56,32,0.47
51,62,189,2.47
51,63,400,5.23
51,64,384,5.02
51,65,602,7.87
51,66,2224,29.08
51,67,3023,39.53
51,68,518,7.72
51,69,0,0
51,70,998,14.88
51,71,797,11.88
51,72,275,4.1
51,73,298,4.44
51,74,55,0.82
51,75,0,0
51,76,136,2.03
51,77,372,5.55
51,78,0,0
51,79,32,0.34
51,80,1212,13.06
51,81,836,9.01
51,82,230,2.48
51,83,1262,13.59
51,84,592,6.38
51,85,607,6.54
51,86,903,9.73
51,93,385,4.38
51,94,420,4.78
51,108,0,0
51,109,0,0
51,110,0,0
51,111,120,5.05
51,112,232,9.75
51,122,2,0.01
51,123,159,1.11
51,124,99,0.69
51,125,144,1
52,14,394,0
52,15,0,0
52,31,464,5.83
52,32,844,10.6
52,47,254,3.8
52,51,182,2.66
52,52,506,7.39
52,60,0,0
52,64,914,11.95
52,65,362,4.73
52,66,1723,22.53
52,67,1112,14.54
52,68,403,6.01
52,69,207,3.09
52,70,513,7.65
52,71,165,2.46
52,77,0,0
52,78,0,0
52,80,470,5.06
52,81,429,4.62
52,83,336,3.62
52,84,450,4.85
52,85,580,6.25
52,86,420,4.52
52,87,530,5.71
52,88,425,4.84
52,89,377,4.29
52,90,0,0
52,93,31,0.35
52,108,0,0
52,111,0,0
52,112,0,0
52,123,8,0.06
52,124,196,1.37
53,18,103,1.6
53,19,121,1.88
53,20,267,4.15
53,25,299,4.64
53,31,0,0
53,32,688,8.64
53,45,36,0.54
53,46,34,0.51
53,49,241,3.52
53,52,64,0.94
53,53,106,1.55
53,54,136,1.99
53,64,2,0.03
53,65,1286,16.82
53,66,2003,26.19
53,67,1087,14.22
53,68,88,1.31
53,77,0,0
53,78,0,0
53,79,0,0
53,82,399,4.3
53,83,516,5.56
53,84,857,9.23
53,85,1638,17.64
53,86,1212,13.06
53,87,994,10.71
53,88,1169,13.31
53,89,1217,13.86
53,90,716,8.15
53,112,0,0
53,113,0,0
53,124,282,1.97
54,16,244,0
54,17,87,0
54,18,357,4.83
54,19,332,4.49
54,20,692,9.36
54,21,348,4.71
54,22,191,2.58
54,23,252,3.41
54,32,175,2.02
54,44,147,2.11
54,45,46,0.66
54,48,9,0.14
54,49,284,4.37
54,51,163,2.51
54,52,584,8.99
54,62,163,2.84
54,63,304,5.3
54,64,1425,24.84
54,65,1392,24.27
54,66,1117,19.47
54,67,250,4.36
54,78,0,0
54,79,126,1.39
54,82,211,2.33
54,83,647,7.13
54,84,208,2.29
54,85,395,4.35
54,86,783,8.63
54,87,791,8.72
54,88,1322,14.71
54,89,1747,19.44
54,90,1071,11.92
54,91,1041,11.58
54,92,680,7.57
54,112,960,0
54,123,0,0
54,124,79,4.05
55,21,12,0.16
55,22,78,1.06
55,23,263,3.56
55,24,258,3.49
55,25,218,2.95
55,31,34,0.39
55,32,643,7.41
55,39,149,2.14
55,40,1,0.01
55,44,34,0.49
55,49,0,0
55,52,0,0
55,63,371,6.47
55,64,574,10.01
55,65,1290,22.49
55,66,2151,37.5
55,67,514,8.96
55,78,492,5.42
55,79,1877,20.69
55,80,1123,12.38
55,81,0,0
55,82,276,3.04
55,83,857,9.45
55,84,997,10.99
55,85,306,3.37
55,86,249,2.74
55,87,700,7.72
55,88,261,2.9
55,90,821,9.14
55,91,52,0.58
55,92,461,5.13
55,93,1,0.01
55,122,38,1.95
56,14,76,0
56,32,928,10.7
56,48,2,0.03
56,49,146,2.25
56,50,893,13.75
56,51,590,9.08
56,52,370,5.7
56,64,182,3.17
56,65,1329,23.17
56,66,1977,34.47
56,67,95,1.66
56,79,153,1.69
56,80,1022,11.26
56,82,212,2.34
56,83,235,2.59
56,84,563,6.21
56,85,239,2.63
56,87,630,6.94
56,88,1179,13.12
56,89,564,6.28
56,91,61,0.68
57,24,286,3.87
57,31,92,1.06
57,32,695,8.01
57,33,362,4.17
57,37,71,0.82
57,39,156,2.24
57,50,338,5.2
57,51,444,6.83
57,52,314,4.83
57,64,1103,19.23
57,65,1234,21.51
57,66,1288,22.46
57,67,130,2.27
57,80,928,10.23
57,81,302,3.33
57,82,0,0
57,83,523,5.76
57,84,767,8.45
57,85,8,0.09
57,88,370,4.12
57,89,0,0
58,32,404,4.66
58,33,215,2.48
58,34,60,0.69
58,36,263,3.03
58,37,145,1.67
58,39,5,0.07
58,48,27,0.42
58,49,128,1.97
58,51,102,1.57
58,52,19,0.29
58,64,239,4.17
58,65,874,15.24
58,66,1342,23.4
58,67,853,14.87
58,69,301,3.42
58,71,0,0
58,79,0,0
58,80,704,7.76
58,83,316,3.48
58,84,0,0
58,98,46,0.68
58,99,81,1.2
59,32,98,1.13
59,33,347,4
59,34,998,11.5
59,35,523,6.03
59,36,516,5.95
59,51,760,11.7
59,52,1042,16.04
59,53,684,10.53
59,65,148,2.58
59,66,1502,26.19
59,67,889,15.5
59,68,265,3.01
59,77,0,0
59,79,0,0
59,98,223,3.29
59,99,1048,15.48
59,100,340,5.02
60,25,171,2.31
60,32,22,0.25
60,33,1492,17.2
60,34,25,0.29
60,35,48,0.55
60,36,795,9.16
60,37,534,6.16
60,38,72,1.03
60,51,761,11.71
60,52,652,10.04
60,53,793,12.21
60,54,325,5
60,66,1079,18.81
60,67,1485,25.89
60,68,631,7.17
60,77,646,7.34
60,78,598,6.59
60,79,0,0
60,94,286,3.18
60,95,334,3.72
60,97,203,2.26
60,98,189,2.79
60,99,354,5.23
60,100,669,9.88
60,101,772,11.41
60,102,0,0
61,37,231,2.66
61,38,1149,16.47
61,39,136,1.95
61,48,0,0
61,49,246,3.79
61,52,216,3.32
61,53,458,7.05
61,54,174,2.68
61,55,183,2.82
61,65,290,5.06
61,66,1349,23.52
61,67,1850,32.25
61,68,402,4.57
61,77,191,2.17
61,92,341,3.79
61,93,287,3.19
61,94,180,2
61,97,297,3.3
61,98,699,10.33
61,99,415,6.13
61,101,393,5.81
61,102,1363,20.14
62,38,858,12.3
62,39,262,3.76
62,40,9,0.13
62,41,0,0
62,48,0,0
62,49,195,3
62,52,339,5.22
62,53,133,2.05
62,54,248,3.82
62,55,985,15.16
62,65,709,12.36
62,66,1280,22.32
62,67,545,9.5
62,77,125,1.42
62,92,337,3.75
62,93,0,0
62,97,182,2.03
62,98,29,0.43
62,99,441,6.52
62,100,77,1.14
62,101,180,2.66
62,102,316,4.67
63,18,193,2.61
63,19,7,0.09
63,26,185,2.5
63,39,1067,15.3
63,40,320,4.59
63,41,193,2.77
63,50,977,15.04
63,51,248,3.82
63,52,0,0
63,53,99,1.52
63,55,1,0.02
63,56,83,1.28
63,57,473,7.28
63,58,187,3.26
63,64,197,3.43
63,65,618,10.77
63,66,1488,25.94
63,67,831,14.49
63,68,96,1.09
63,71,0,0
63,76,585,6.65
63,77,191,2.17
63,95,68,0.76
63,96,606,6.74
63,97,189,2.1
63,99,352,5.2
63,122,0,0
63,127,0,0
64,18,97,0
64,26,449,0
64,39,141,1.5
64,40,420,4.48
64,41,167,1.78
64,42,430,4.58
64,43,306,3.26
64,45,89,0.95
64,49,188,2.18
64,50,339,3.93
64,51,54,0.63
64,56,920,10.67
64,57,571,6.62
64,58,412,5.23
64,63,46,0.58
64,64,764,9.7
64,65,847,10.76
64,66,1456,18.49
64,67,699,8.88
64,69,281,1.93
64,71,0,0
64,76,465,3.2
64,77,238,1.64
64,99,436,5.24
64,121,1134,4.98
64,122,5826,25.59
64,123,0,0
64,127,0,0
65,25,94,0
65,26,806,0
65,27,0,0
65,38,0,0
65,40,647,6.9
65,41,218,2.32
65,42,331,3.53
65,43,647,6.9
65,44,736,7.85
65,45,378,4.03
65,46,0,0
65,50,242,2.81
65,56,11,0.13
65,57,503,5.83
65,58,8,0.1
65,64,691,8.78
65,65,438,5.56
65,66,1100,13.97
65,67,0,0
65,68,625,4.3
65,69,13,0.09
65,77,649,4.46
65,78,226,3.49
65,95,181,2.27
65,97,125,1.57
65,98,396,4.76
65,122,0,0
65,123,1902,8.35
65,127,0,0
66,26,544,0
66,27,189,0
66,40,452,4.82
66,41,913,9.73
66,42,48,0.51
66,43,378,4.03
66,44,141,1.5
66,45,290,3.09
66,57,345,4
66,58,447,5.68
66,60,132,1.68
66,61,221,2.81
66,62,59,0.75
66,64,387,4.92
66,65,1336,16.97
66,66,1054,13.39
66,67,173,2.2
66,68,36,0.25
66,74,252,1.73
66,75,231,1.59
66,77,0,0
66,78,265,4.09
66,79,142,2.19
66,93,0,0
66,94,0,0
66,95,517,6.49
66,96,193,2.42
66,97,196,2.46
66,123,40,0.18
67,26,627,0
67,27,34,0
67,39,236,2.52
67,40,453,4.83
67,41,311,3.32
67,51,310,3.6
67,56,147,1.7
67,57,445,5.16
67,58,388,4.93
67,60,144,1.83
67,61,369,4.69
67,62,722,9.17
67,63,328,4.17
67,64,1500,19.05
67,65,741,9.41
67,66,194,2.46
67,67,306,3.89
67,73,91,0.63
67,74,94,0.65
67,75,1,0.01
67,78,0,0
67,93,1261,15.82
67,94,686,8.61
67,95,85,1.07
67,96,61,0.77
68,39,543,5.79
68,40,0,0
68,56,152,1.76
68,58,410,5.21
68,59,685,8.7
68,62,405,5.14
68,63,529,6.72
68,64,1088,13.82
68,65,820,10.41
68,66,611,7.76
68,67,503,6.39
68,68,65,0.45
68,74,109,0.75
68,75,218,1.5
68,92,311,3.9
68,93,586,7.35
68,118,0,0
68,119,0,0
69,28,50,0.21
69,39,136,1.45
69,58,407,5.17
69,59,366,4.65
69,60,0,0
69,61,366,4.65
69,62,835,10.61
69,63,1152,14.63
69,64,618,7.85
69,65,916,11.63
69,66,127,1.61
69,68,136,0.94
69,69,163,1.12
69,73,69,0.47
69,91,297,3.73
69,92,197,2.47
69,95,237,2.97
69,117,485,4
69,118,0,0
69,119,265,1.16
69,122,203,0.89
70,38,120,1.28
70,39,791,8.43
70,40,33,0.35
70,57,266,3.08
70,58,449,5.7
70,59,347,4.41
70,60,176,2.24
70,61,364,4.62
70,62,584,7.42
70,63,557,7.07
70,64,597,7.58
70,65,267,3.39
70,66,127,1.61
70,70,323,2.22
70,71,8,0.06
70,72,1,0.01
70,73,191,1.31
70,74,230,1.58
70,75,451,3.1
70,91,528,6.62
70,94,298,3.74
70,95,558,7
70,96,386,4.84
70,122,0,0
70,123,315,1.38
71,19,86,0
71,20,4,0
71,33,591,2.54
71,38,85,0.91
71,52,163,1.89
71,56,682,7.91
71,57,1158,13.43
71,58,749,9.51
71,59,419,5.32
71,60,4,0.05
71,61,195,2.48
71,62,383,4.86
71,63,318,4.04
71,64,255,3.24
71,65,217,2.76
71,71,306,2.1
71,72,181,1.24
71,74,342,2.35
71,75,0,0
71,76,182,1.25
71,89,264,3.31
71,90,157,1.97
71,91,988,12.4
71,92,245,3.07
71,94,755,9.47
71,95,95,1.19
71,96,0,0
71,123,160,0.7
72,33,235,1.01
72,34,64,0.27
72,35,194,0.83
72,38,2,0.02
72,39,253,2.7
72,52,0,0
72,56,1171,13.58
72,57,798,9.25
72,58,0,0
72,59,145,1.84
72,61,78,0.99
72,62,428,5.44
72,72,145,1
72,76,350,2.41
72,89,180,2.26
72,90,391,4.91
72,92,102,1.28
72,93,138,1.73
72,94,249,3.12
72,119,245,1.08
72,120,152,0.67
72,121,244,1.07
72,122,778,3.42
73,33,309,1.33
73,34,482,2.07
73,35,16,0.07
73,36,388,1.67
73,38,1375,14.66
73,52,544,6.31
73,53,286,3.32
73,56,57,0.66
73,57,650,7.54
73,58,5,0.06
73,59,207,2.63
73,61,453,5.75
73,71,34,0.23
73,73,26,0.18
73,74,275,1.89
73,75,588,4.04
73,76,775,5.33
73,80,481,7.42
73,81,182,2.81
73,90,60,0.75
73,91,108,1.36
73,92,651,8.17
73,93,311,3.9
73,119,331,1.45
73,120,156,0.69
73,121,15,0.07
73,122,74,0.33
74,32,0,0
74,33,500,5.45
74,34,86,0.94
74,35,228,2.49
74,36,283,3.09
74,38,603,5.04
74,39,196,1.64
74,52,430,6.5
74,53,372,5.62
74,55,161,2.43
74,56,1453,21.96
74,57,1009,15.25
74,58,166,2.76
74,59,65,1.08
74,61,0,0
74,62,169,2.81
74,63,1,0.02
74,70,263,2.92
74,71,67,0.74
74,73,134,1.49
74,74,301,3.34
74,75,106,1.18
74,76,543,6.03
74,80,45,0.51
74,81,460,5.26
74,82,290,3.31
74,92,232,2.3
74,120,0,0
74,122,138,2.92
74,123,259,5.48
75,33,250,2.73
75,34,311,3.39
75,35,434,4.73
75,50,317,4.79
75,53,907,13.71
75,54,375,5.67
75,55,545,8.24
75,56,358,5.41
75,59,228,3.78
75,60,486,8.07
75,61,296,4.91
75,62,355,5.89
75,63,143,2.37
75,68,468,5.2
75,69,107,1.19
75,70,9,0.1
75,71,46,0.51
75,81,442,5.05
75,82,526,6.01
75,89,150,1.49
75,120,178,3.77
75,121,69,1.46
75,122,75,1.59
75,123,743,15.73
76,50,390,5.89
76,51,568,8.59
76,52,325,4.91
76,53,1742,26.33
76,54,890,13.45
76,55,875,13.23
76,56,0,0
76,58,477,7.92
76,59,461,7.65
76,61,173,2.87
76,62,345,5.73
76,68,114,1.27
76,70,194,2.15
76,80,33,0.38
76,81,455,5.2
76,82,230,2.63
76,88,48,0.48
76,89,367,3.64
76,90,52,0.52
76,117,158,3.32
76,120,206,4.36
76,121,0,0
76,122,216,4.57
76,123,0,0
76,124,0,0
77,20,562,0
77,50,829,12.53
77,51,771,11.65
77,52,1846,27.9
77,53,2141,32.36
77,54,1178,17.81
77,58,442,7.34
77,61,299,4.96
77,62,265,4.4
77,68,583,6.47
77,70,118,1.31
77,72,112,1.24
77,80,268,3.06
77,81,372,4.25
77,82,99,1.13
77,116,157,3.3
77,118,376,7.96
77,123,168,3.56
77,124,203,4.3
78,49,159,2.4
78,50,134,2.03
78,51,464,7.01
78,52,1887,28.52
78,53,1599,24.17
78,54,578,8.74
78,58,128,2.12
78,59,511,8.48
78,60,234,3.88
78,66,175,2.9
78,70,128,1.42
78,71,220,2.44
78,75,0,0
78,80,657,7.51
78,81,1196,13.67
78,89,270,2.68
78,115,340,7.15
78,116,24,0.51
79,35,199,2.17
79,48,195,2.95
79,49,567,8.57
79,50,565,8.54
79,51,896,13.54
79,52,634,9.58
79,53,1449,21.9
79,54,1120,16.93
79,58,399,6.62
79,59,184,3.05
79,60,408,6.77
79,69,717,7.96
79,70,241,2.68
79,75,0,0
79,76,303,3.36
79,77,0,0
79,79,50,0.57
79,80,829,9.47
79,81,368,4.21
79,93,294,2.92
79,97,0,0
79,117,252,5.3
80,34,295,3.22
80,48,211,3.19
80,49,247,3.73
80,50,0,0
80,51,903,13.65
80,52,742,11.22
80,53,1492,22.55
80,54,484,7.32
80,57,0,0
80,58,1060,17.6
80,59,967,16.05
80,60,265,4.4
80,61,187,3.1
80,69,236,2.62
80,70,421,4.67
80,76,0,0
80,77,0,0
80,80,489,5.59
80,81,422,4.82
80,93,68,0.67
80,96,59,0.59
80,97,0,0
80,124,0,0
80,125,336,7.12
80,126,265,5.61
81,34,168,1.83
81,48,87,1.32
81,51,517,7.81
81,52,40,0.6
81,53,1999,30.22
81,54,1222,18.47
81,59,1080,17.93
81,60,1095,18.18
81,61,265,4.4
81,63,635,10.54
81,64,77,1.28
81,66,56,0.93
81,67,639,10.61
81,69,153,1.7
81,70,18,0.2
81,71,55,0.61
81,80,507,5.79
81,81,363,4.15
81,94,214,2.12
81,95,72,0.71
81,96,894,8.87
81,117,200,4.21
81,118,0,0
81,126,0,0
82,31,75,0.82
82,38,0,0
82,52,0,0
82,53,245,3.7
82,54,1906,28.81
82,55,214,3.23
82,56,349,5.28
82,59,893,14.82
82,60,768,12.75
82,61,189,3.14
82,63,143,2.37
82,66,193,3.2
82,67,136,2.26
82,68,93,1.03
82,71,427,4.74
82,72,162,1.8
82,81,1224,13.99
82,82,0,0
82,94,203,2.01
82,95,338,3.35
82,115,57,1.2
82,118,0,0
82,119,0,0
83,29,125,1.36
83,30,73,0.8
83,37,0,0
83,38,290,2.43
83,47,346,2.89
83,48,418,6.32
83,52,260,3.93
83,53,797,12.05
83,54,708,10.7
83,55,1256,18.98
83,56,383,5.79
83,59,948,15.74
83,60,255,4.23
83,63,35,0.58
83,66,816,13.54
83,67,178,2.95
83,71,572,6.35
83,72,566,6.28
83,81,1205,13.77
83,82,407,4.65
83,95,264,2.62
83,96,307,3.04
83,117,0,0
83,118,255,5.4
83,119,399,8.45
83,120,11,0.23
83,125,400,8.47
84,30,242,1.8
84,32,0,0
84,37,0,0
84,38,141,2.26
84,54,222,3.35
84,55,843,12.72
84,56,1176,17.75
84,57,732,11.05
84,58,232,3.48
84,59,1045,15.69
84,60,1030,15.46
84,65,0,0
84,66,572,8.59
84,67,218,3.27
84,68,303,3.92
84,70,79,1.02
84,71,10,0.13
84,72,329,4.26
84,73,235,3.04
84,81,515,4.16
84,82,341,2.76
84,83,0,0
84,84,0,0
84,95,0,0
84,121,251,3.77
84,125,195,2.93
85,27,60,0
85,31,17,0.13
85,32,142,1.06
85,38,0,0
85,46,29,0.47
85,47,366,5.87
85,55,480,7.24
85,56,0,0
85,57,193,2.91
85,58,498,7.48
85,59,967,14.51
85,60,248,3.72
85,64,643,9.65
85,65,407,6.11
85,66,418,6.27
85,67,445,6.68
85,68,222,2.87
85,69,445,5.76
85,70,149,1.93
85,71,504,6.53
85,72,294,3.81
85,73,414,5.36
85,82,273,2.21
85,83,346,2.8
85,84,589,4.76
85,85,66,0.53
85,121,11,0.17
86,37,0,0
86,47,292,4.68
86,49,209,3.15
86,50,181,2.73
86,51,291,4.39
86,52,195,2.94
86,56,903,13.63
86,57,1899,28.66
86,58,1810,27.17
86,59,1142,17.14
86,60,51,0.77
86,61,4,0.06
86,62,660,9.91
86,63,216,3.24
86,64,118,1.77
86,65,1163,17.46
86,66,300,4.5
86,67,215,3.23
86,68,79,1.02
86,69,461,5.97
86,70,580,7.51
86,71,485,6.28
86,72,289,3.74
86,73,420,5.44
86,74,0,0
86,84,64,0.52
86,85,686,5.54
86,86,278,2.25
86,87,48,0.39
86,88,190,2.77
86,120,233,3.5
87,36,455,3.39
87,37,0,0
87,47,425,6.82
87,48,119,1.8
87,49,274,4.14
87,50,0,0
87,52,483,7.29
87,53,752,11.35
87,56,0,0
87,57,970,14.64
87,58,187,2.81
87,60,920,13.81
87,61,225,3.38
87,62,733,11
87,64,467,7.01
87,65,799,11.99
87,66,274,4.11
87,68,9,0.12
87,69,0,0
87,70,3,0.04
87,71,25,0.32
87,72,389,5.04
87,73,560,7.25
87,84,187,1.51
87,86,852,6.88
87,87,1047,8.46
87,88,436,6.35
87,120,9,0.14
87,124,73,1.1
88,36,232,1.73
88,37,0,0
88,45,0,0
88,46,569,9.13
88,47,731,11.73
88,48,310,4.68
88,49,411,6.2
88,50,124,1.87
88,53,246,3.71
88,54,563,8.5
88,55,378,5.7
88,57,177,2.67
88,58,2339,35.11
88,59,497,7.46
88,60,697,10.46
88,61,0,0
88,62,39,0.59
88,64,477,7.16
88,65,955,14.33
88,66,788,11.83
88,67,116,1.74
88,69,200,2.59
88,70,286,3.7
88,71,62,0.8
88,72,117,1.52
88,73,53,0.69
88,74,157,2.03
88,86,48,0.39
88,87,31,0.25
88,88,404,5.88
88,126,78,1.17
88,127,320,4.8
89,36,119,0.89
89,45,346,5.55
89,46,449,7.2
89,47,671,10.76
89,48,433,6.53
89,49,516,7.79
89,50,309,4.66
89,51,220,3.32
89,54,335,5.06
89,55,969,14.62
89,56,607,9.16
89,57,313,4.72
89,58,1163,17.46
89,59,483,7.25
89,60,664,9.97
89,61,500,7.51
89,62,563,8.45
89,63,0,0
89,64,515,7.73
89,65,200,3
89,67,125,1.88
89,68,266,3.44
89,69,293,3.79
89,70,669,8.66
89,72,221,2.86
89,126,352,5.29
89,127,11,0.17
90,37,174,1.3
90,38,0,0
90,45,26,0.42
90,46,187,3
90,47,291,4.67
90,48,290,4.38
90,49,689,10.4
90,50,458,6.91
90,53,218,3.29
90,55,600,9.06
90,56,1061,16.01
90,57,850,12.83
90,58,971,14.58
90,59,363,5.45
90,60,217,3.26
90,61,880,13.21
90,65,636,9.55
90,66,345,5.18
90,67,0,0
90,68,195,2.53
90,69,206,2.67
90,70,174,2.25
90,72,215,2.78
90,73,456,5.9
91,36,206,1.53
91,37,0,0
91,45,60,0.96
91,47,394,6.32
91,50,4,0.06
91,52,217,3.28
91,53,523,7.89
91,54,426,6.43
91,55,212,3.2
91,56,585,8.83
91,57,1822,27.5
91,58,1256,18.85
91,59,299,4.49
91,61,820,12.31
91,62,470,7.05
91,63,450,6.75
91,65,605,9.08
91,66,186,2.79
91,67,255,3.83
91,69,203,2.63
91,72,360,4.66
91,73,27,0.35
91,74,218,2.82
91,75,447,5.79
91,125,186,2.79
91,126,352,5.29
92,36,236,1.76
92,46,680,10.91
92,47,709,11.37
92,48,34,0.51
92,49,445,6.72
92,50,1098,16.57
92,51,719,10.85
92,52,903,13.63
92,53,274,4.14
92,54,1464,22.1
92,55,1659,25.04
92,56,1208,18.23
92,57,1825,27.54
92,58,608,9.13
92,61,250,3.75
92,62,111,1.67
92,63,22,0.33
92,65,234,3.51
92,66,18,0.27
92,67,88,1.32
92,68,155,2.01
92,69,470,6.09
92,76,223,2.89
92,77,200,2.59
92,78,0,0
92,126,29,0.44
92,127,231,3.47
93,36,56,0.42
93,46,69,1.11
93,47,609,9.77
93,48,405,6.11
93,54,199,3
93,55,1582,23.88
93,56,1529,23.08
93,57,172,2.6
93,63,79,1.19
93,64,216,3.24
93,65,336,5.04
93,66,558,8.38
93,67,840,12.61
93,68,294,3.81
93,69,211,2.73
93,75,40,0.52
93,76,594,7.69
93,77,141,1.83
93,78,75,0.61
94,45,510,6.5
94,46,394,5.02
94,54,0,0
94,55,1025,12.81
94,56,274,3.42
94,62,454,7.88
94,63,204,3.54
94,64,103,1.79
94,65,124,2.15
94,66,605,10.5
94,67,502,8.71
94,69,282,3.45
94,75,352,4.31
94,76,499,6.11
95,44,320,4.08
95,45,779,9.92
95,55,687,8.59
95,56,0,0
95,59,404,7.01
95,60,187,3.25
95,61,112,1.94
95,62,53,0.92
95,63,36,0.62
95,64,192,3.33
95,65,348,6.04
95,66,242,4.2
95,67,0,0
95,70,79,0.97
95,74,173,2.12
95,75,40,0.49
95,76,225,2.75
95,86,0,0
95,87,200,4.65
96,41,20,0.25
96,42,184,2.34
96,43,0,0
96,44,859,10.94
96,45,220,2.8
96,55,274,3.42
96,56,1053,13.16
96,57,706,8.82
96,58,421,7.31
96,59,296,5.14
96,60,532,9.24
96,61,288,5
96,63,385,6.68
96,64,254,4.41
96,65,476,8.26
96,67,235,4.08
96,69,0,0
96,70,655,8.02
96,75,543,6.65
96,76,0,0
96,86,78,1.81
96,87,83,1.93
96,93,375,3.84
97,41,333,4.24
97,42,224,2.85
97,43,401,5.11
97,44,1231,15.68
97,45,815,10.38
97,46,103,1.31
97,47,5,0.06
97,56,407,5.09
97,57,694,8.67
97,58,167,2.9
97,63,79,1.37
97,64,426,7.4
97,67,174,3.02
97,69,256,3.13
97,70,128,1.57
97,75,30,0.37
97,76,91,1.11
97,93,345,3.53
97,94,0,0
97,95,128,1.31
97,102,247,1.72
98,43,476,6.06
98,44,261,3.32
98,45,502,6.39
98,46,778,9.91
98,52,0,0
98,56,516,6.45
98,62,105,1.82
98,63,74,1.28
98,67,226,3.92
98,68,402,4.92
98,70,63,0.77
98,75,435,5.33
98,76,53,0.65
98,93,224,2.3
98,94,377,3.86
98,95,2,0.02
98,102,327,2.28
99,44,439,5.59
99,45,402,5.12
99,46,824,10.5
99,52,26,0.32
99,53,300,3.75
99,60,414,7.19
99,62,202,3.51
99,63,294,5.1
99,68,6,0.07
99,75,67,0.82
99,82,9,0.21
99,83,60,1.4
99,93,127,1.3
99,94,337,3.45
99,95,474,4.86
100,42,391,4.98
100,44,71,0.9
100,45,466,5.94
100,46,657,8.37
100,56,197,2.46
100,59,542,9.41
100,63,0,0
100,93,152,1.56
100,94,339,3.47
100,95,298,3.05
101,42,99,1.26
101,43,237,3.02
101,44,841,10.71
101,45,476,6.06
101,46,441,5.62
101,53,0,0
101,54,2,0.02
101,55,508,6.35
101,56,463,5.79
101,57,222,2.77
101,59,356,6.18
101,60,208,3.61
101,62,56,0.97
101,63,155,2.69
101,64,97,1.68
101,65,225,3.91
101,66,257,4.46
101,67,285,4.95
101,68,62,0.76
101,72,191,2.34
101,74,151,1.85
101,75,156,1.91
101,76,53,0.65
101,93,5,0.05
101,94,559,5.73
101,96,155,1.59
102,42,278,3.54
102,43,524,6.67
102,44,748,9.53
102,46,0,0
102,52,218,2.72
102,53,426,5.32
102,54,211,2.64
102,55,351,4.39
102,56,218,2.72
102,57,674,8.42
102,60,229,3.98
102,64,195,3.39
102,65,169,2.93
102,67,74,1.28
102,68,493,6.04
102,69,110,1.35
102,75,201,2.46
102,93,181,1.85
102,94,93,0.95
103,42,16,0.2
103,43,851,10.84
103,44,75,0.96
103,53,95,1.19
103,54,1289,16.11
103,55,824,10.3
103,56,241,3.01
103,57,340,4.25
103,60,110,1.91
103,67,64,1.11
103,68,15,0.18
103,69,306,3.75
103,70,207,2.53
103,71,373,4.57
103,94,221,2.26
104,19,43,0.59
104,43,332,3.71
104,44,174,1.94
104,53,0,0
104,54,1196,13.96
104,55,398,4.65
104,56,156,1.82
104,57,199,2.32
104,59,23,0.38
104,60,0,0
104,61,338,5.53
104,65,205,3.35
104,66,99,1.62
104,70,0,0
104,94,200,1.61
104,95,0,0
105,13,0,0
105,43,1511,16.89
105,44,251,2.81
105,45,104,1.16
105,51,222,2.59
105,54,646,7.54
105,56,468,5.46
105,57,638,7.45
105,59,215,3.52
105,60,0,0
105,61,0,0
105,64,99,1.62
105,66,255,4.17
105,70,161,1.26
105,72,221,1.73
105,94,148,1.19
105,95,468,3.77
106,18,62,0.85
106,42,12,0.13
106,43,939,10.49
106,44,339,3.79
106,45,0,0
106,46,149,1.67
106,52,156,1.82
106,53,150,1.75
106,54,563,6.57
106,55,6,0.07
106,57,177,2.07
106,58,183,2.99
106,61,319,5.22
106,62,265,4.34
106,64,189,3.09
106,66,405,6.63
106,67,195,3.19
106,68,0,0
106,72,95,0.74
106,95,74,0.6
106,96,533,4.29
107,13,857,0
107,14,1146,0
107,16,262,0
107,17,135,0
107,35,230,0
107,36,112,0
107,43,214,2.39
107,44,582,6.5
107,45,397,4.44
107,46,392,4.38
107,47,45,0.5
107,48,371,4.33
107,49,47,0.55
107,52,208,2.43
107,53,387,4.52
107,54,140,1.63
107,55,583,6.8
107,56,33,0.39
107,57,72,0.84
107,61,449,7.35
107,62,215,3.52
107,64,0,0
107,65,373,6.1
107,66,538,8.8
107,67,166,2.72
107,70,26,0.2
107,71,260,2.04
107,95,45,0.36
107,96,112,0.9
108,14,1351,0
108,15,935,0
108,16,739,0
108,17,0,0
108,44,51,0.57
108,45,275,3.07
108,46,255,2.85
108,47,212,2.37
108,48,47,0.55
108,52,215,2.51
108,53,250,2.92
108,54,371,4.33
108,55,445,5.19
108,56,28,0.33
108,57,426,4.97
108,58,106,1.73
108,60,268,4.39
108,65,222,3.63
108,70,65,0.51
108,71,349,2.73
108,73,0,0
108,95,39,0.31
108,96,121,0.97
109,14,1661,0
109,15,873,0
109,16,251,0
109,17,380,0
109,18,133,1.81
109,44,60,0.67
109,45,62,0.69
109,46,224,2.5
109,47,577,6.45
109,48,285,3.33
109,49,85,0.99
109,52,196,2.29
109,53,192,2.24
109,54,255,2.98
109,55,6,0.07
109,56,0,0
109,57,0,0
109,58,433,7.09
109,59,202,3.31
109,60,388,6.35
109,64,0,0
109,66,224,3.67
109,71,259,2.03
109,72,344,2.69
109,73,93,0.73
110,12,0,0
110,13,72,0
110,15,337,0
110,17,240,0
110,18,83,1.13
110,46,70,0.78
110,47,413,4.62
110,48,534,6.23
110,49,311,3.63
110,54,115,1.34
110,56,267,3.12
110,57,89,1.04
110,58,251,4.11
110,59,172,2.81
110,60,180,2.95
110,61,560,9.16
110,63,140,2.29
110,64,549,8.98
110,65,131,2.14
110,66,312,5.11
110,70,152,1.19
110,71,1032,8.08
110,72,217,1.7
110,73,192,1.5
111,14,0,0
111,16,319,0
111,17,346,0
111,19,7,0.1
111,20,374,5.1
111,46,100,1.12
111,47,273,3.05
111,48,165,1.93
111,49,246,2.87
111,50,0,0
111,56,164,1.91
111,57,417,4.87
111,59,482,7.89
111,60,17,0.28
111,61,275,4.5
111,62,212,3.47
111,63,334,5.47
111,64,322,5.27
111,65,35,0.57
111,66,231,3.78
111,67,200,3.27
111,68,627,4.91
111,69,224,1.75
111,70,207,1.62
111,71,667,5.22
111,72,176,1.38
111,73,87,0.68
111,109,0,0
111,110,0,0
111,111,0,0
112,13,233,0
112,14,0,0
112,15,4,0
112,16,710,0
112,20,370,5.05
112,21,375,5.12
112,22,318,4.34
112,45,77,0.86
112,46,231,2.58
112,48,214,2.5
112,49,378,4.41
112,50,0,0
112,54,0,0
112,55,0,0
112,59,84,1.37
112,60,18,0.29
112,62,463,7.58
112,63,177,2.9
112,64,498,8.15
112,66,603,9.87
112,67,146,2.39
112,68,523,4.09
112,69,302,2.36
112,70,208,1.63
112,110,340,3
113,12,363,0
113,13,723,0
113,14,343,0
113,16,752,0
113,17,1,0
113,21,128,1.75
113,22,104,1.42
113,27,422,5.76
113,28,629,0
113,46,0,0
113,49,542,6.33
113,50,136,1.59
113,55,0,0
113,56,0,0
113,59,202,3.31
113,60,233,3.81
113,61,626,10.24
113,62,162,2.65
113,67,432,7.07
113,68,591,4.63
113,69,202,1.58
114,12,115,0
114,13,1011,0
114,14,263,0
114,15,0,0
114,16,659,0
114,17,1034,0
114,18,183,1.43
114,19,169,1.32
114,23,560,4.38
114,27,303,2.37
114,28,457,2.38
114,29,221,1.15
114,49,361,4.16
114,50,695,8.01
114,55,0,0
114,56,204,2.35
114,59,73,0.69
114,66,229,2.16
114,67,214,2.02
115,4,0,0
115,5,90,0
115,6,63,0
115,8,848,0
115,9,173,0
115,10,679,0
115,11,125,0
115,12,33,0
115,15,0,0
115,17,38,0
115,24,50,0.39
115,25,554,4.33
115,28,518,2.7
115,29,14,0.07
115,49,0,0
115,50,147,1.69
115,56,233,2.69
115,57,300,3.46
115,68,0,0
115,79,256,2.29
115,94,29,0
116,3,285,0
116,4,31,0
116,5,399,0
116,6,1054,0
116,7,626,0
116,8,620,0
116,9,451,0
116,10,2,0
116,14,0,0
116,15,0,0
116,17,500,0
116,19,403,3.15
116,25,308,2.41
116,28,706,3.67
116,51,368,4.24
116,56,0,0
116,57,499,5.75
116,70,1,0.01
116,94,48,0
117,1,116,0
117,3,0,0
117,4,416,0
117,5,782,0
117,6,971,0
117,7,896,0
117,8,456,0
117,9,403,0
117,14,0,0
117,15,0,0
117,19,85,0.66
117,28,306,1.59
117,50,191,2.2
117,51,711,8.2
117,56,287,3.31
117,57,204,2.35
117,59,0,0
117,63,464,4.37
117,64,289,2.72
117,65,564,5.31
117,69,163,1.69
117,70,30,0.31
118,1,36,0
118,3,0,0
118,4,375,0
118,5,1210,0
118,6,944,0
118,7,907,0
118,8,0,0
118,9,0,0
118,14,0,0
118,16,0,0
118,49,120,1.38
118,51,7,0.08
118,52,455,5.24
118,63,1150,10.84
118,64,256,2.41
118,70,64,0.66
118,71,145,1.51
118,80,246,2.2
119,0,194,0
119,1,1084,0
119,4,1066,0
119,5,1156,0
119,6,272,0
119,7,1667,0
119,8,547,0
119,9,0,0
119,20,0,0
119,21,299,2.34
119,48,0,0
119,49,252,2.9
119,52,495,5.71
119,69,319,3.31
119,70,533,5.54
119,71,10,0.1
119,73,507,5.27
119,79,360,3.22
119,93,95,0
120,0,35,0
120,1,0,0
120,2,83,0
120,3,193,0
120,6,80,0
120,7,302,0
120,8,0,0
120,9,84,0
120,10,373,0
120,52,591,6.81
120,53,241,2.78
120,63,366,3.45
120,64,95,0.9
120,67,255,2.4
120,68,51,0.53
120,69,8,0.08
120,72,658,6.84
120,73,126,1.31
120,78,633,5.66
120,79,0,0
120,80,0,0
121,0,81,0
121,2,102,0
121,3,97,0
121,6,944,0
121,7,64,0
121,10,0,0
121,12,0,0
121,25,304,2.38
121,49,407,4.69
121,50,636,7.33
121,52,305,3.52
121,53,271,3.12
121,62,64,0.6
121,65,362,3.41
121,67,118,1.11
121,68,0,0
121,69,131,1.36
121,74,0,0
121,77,498,5.17
121,80,71,0.63
121,90,25,0
122,0,140,0
122,2,225,0
122,3,0,0
122,4,0,0
122,5,743,0
122,6,238,0
122,7,127,0
122,8,54,0
122,26,5,0.04
122,27,740,5.79
122,48,190,2.19
122,49,242,2.79
122,50,653,7.53
122,53,359,4.14
122,63,80,0.75
122,65,0,0
122,66,875,8.24
122,67,0,0
122,73,103,1.07
122,74,354,3.68
122,90,395,0
123,2,205,0
123,4,313,0
123,5,397,0
123,7,408,0
123,8,176,0
123,12,0,0
123,27,0,0
123,28,0,0
123,35,3,0.02
123,36,699,3.64
123,37,150,0.78
123,49,145,1.67
123,50,307,3.54
123,51,380,4.38
123,54,487,5.61
123,55,15,0.17
123,65,245,2.31
123,66,619,5.83
123,67,50,0.47
123,76,53,0.55
123,90,301,0
123,91,149,0
124,5,114,0.87
124,7,259,1.97
124,8,0,0
124,28,301,2.16
124,29,1,0.01
124,35,0,0
124,37,100,0.72
124,38,412,2.88
124,50,336,2.93
124,51,806,7.04
124,52,576,5.03
124,53,199,1.74
124,54,11,0.1
124,55,682,5.96
124,56,181,1.58
124,64,255,1.7
124,65,660,4.4
124,66,1056,7.05
124,91,24,0.1
125,5,102,0.78
125,8,73,0.79
125,29,58,0.42
125,30,197,1.41
125,34,12,0.09
125,35,666,4.78
125,38,99,0.69
125,39,158,1.11
125,48,494,4.31
125,49,953,8.32
125,50,1193,10.42
125,51,335,2.93
125,52,131,1.14
125,54,284,2.48
125,55,426,3.72
125,56,172,1.5
125,65,792,5.29
125,66,929,6.2
125,67,824,5.5
125,71,257,2.88
125,72,0,0
125,73,496,5.55
126,5,128,0.98
126,6,54,0.41
126,7,45,0.34
126,8,66,0.71
126,31,405,2.91
126,32,375,2.69
126,34,257,1.85
126,35,188,1.35
126,38,98,0.69
126,39,287,2.01
126,47,110,0.77
126,49,324,2.83
126,50,826,7.21
126,51,1361,11.88
126,52,546,4.77
126,53,323,2.82
126,65,40,0.27
126,66,647,4.32
126,67,216,1.44
126,68,844,9.44
126,73,309,3.46
126,83,0,0
126,84,0,0
127,9,223,2.4
127,34,56,0.4
127,35,40,0.29
127,39,18,0.13
127,52,391,3.41
127,53,997,8.71
127,54,187,1.63
127,55,191,1.67
127,65,934,6.23
127,66,1429,9.54
127,67,0,0
127,68,1430,16
127,69,558,6.24
127,71,255,2.85
127,72,29,0.32
127,73,0,0
127,83,549,4.29
127,84,459,3.59
127,100,887,2.96
127,101,497,1.66
