x,y,residential_floor_area,TOT_P_2021
0,18,522,0
0,48,126,0
0,51,0,0
0,64,426,5.54
0,84,833,0
0,88,1114,0
0,89,619,6.97
0,90,626,7.06
0,92,496,5.59
0,111,287,0.16
0,112,914,0.52
0,113,223,0.13
0,121,64,0
0,122,60,0
0,124,31,1.1
0,53,47,0.44
0,85,151,0
0,107,0,0
0,114,85,1.37
0,117,139,2.24
0,119,36,0
0,123,37,0
1,18,817,0
1,21,9,0
1,37,10,0
1,38,10,0
1,47,0,0
1,51,2320,0
1,53,549,0
1,55,847,0
1,64,1454,0
1,84,295,0
1,85,291,0
1,108,160,9.21
1,112,36,0
1,6,0,0
1,56,190,0
1,57,371,0
1,86,68,0
1,111,147,0
1,114,69,0.08
1,116,54,0.07
1,121,279,0
2,6,0,0
2,49,21,0
2,51,262,0
2,53,222,0
2,55,261,0
2,56,1365,0
2,57,1280,0
2,58,197,0
2,70,38,0
2,73,0,0
2,74,0,0
2,81,25,0.18
2,86,329,0
2,41,548,0
2,42,269,0
2,114,60,0.07
2,118,0,0
2,120,310,0
2,125,45,0
3,52,92,0
3,56,36,0
3,57,489,0
3,61,242,0
3,81,518,3.67
3,82,0,0
3,86,197,0
3,105,128,7.36
3,108,71,4.08
3,111,140,0
3,115,52,0.06
3,118,0,0
3,120,0,0
3,124,0,0
3,125,79,0
3,110,77,0
3,114,63,0.08
3,117,0,0
3,123,86,0
3,127,0,0
4,55,112,0
4,56,368,0
4,86,0,0
4,110,150,0
4,116,52,0.06
4,117,181,0.22
4,126,0,0
4,53,145,0
4,54,15,0
4,57,109,0
4,119,145,0
4,121,25,0
4,127,48,0
5,51,22,0
5,52,97,0
5,54,28,0
5,82,163,1.15
5,83,0,0
5,108,0,0
5,115,296,0.36
5,124,46,0
5,44,735,0
5,107,180,10.35
5,110,0,0
5,114,2,0
5,123,90,0
6,44,3445,1.33
6,45,894,0.34
6,46,1174,0.46
6,56,106,0
6,96,0,0
6,108,155,0.1
6,109,86,0.07
6,110,85,0.07
6,121,300,0.56
6,122,1,0
6,43,0,0
6,47,57,0.02
6,49,86,0.09
6,53,235,0.25
6,57,29,0
6,59,32,0.35
6,63,232,2.53
6,77,14,0
6,97,87,0
6,106,163,0.11
6,114,74,0
7,43,0,0
7,44,1854,0.71
7,45,150,0.06
7,46,151,0.06
7,47,151,0.06
7,49,37,0.03
7,77,2488,0
7,78,753,0
7,106,461,0.3
7,107,1220,0.8
7,113,102,0.09
7,48,54,0.02
7,54,59,0
7,57,23,0
7,60,66,0.72
7,63,22,0.24
7,64,989,0
7,69,0,0
7,98,45,0
7,110,24,0.02
7,121,220,0.41
7,122,155,0.29
7,123,145,0.27
8,8,12,0
8,12,18,0
8,43,0,0
8,44,536,0.21
8,47,1084,0.42
8,52,0,0
8,53,425,0.45
8,58,55,0
8,60,261,2.84
8,61,66,0.72
8,62,132,1.44
8,63,570,6.2
8,64,1089,0
8,77,132,0
8,85,560,0
8,107,270,0.18
8,110,82,0.07
8,114,154,0
8,121,85,0.16
8,123,0,0
8,4,64,0
8,45,157,0.06
8,84,590,0
8,111,62,0.05
9,44,290,0.11
9,59,149,1.62
9,60,85,0.93
9,61,362,3.94
9,63,490,5.34
9,84,27,0
9,108,301,0.19
9,110,191,0.16
9,111,526,0.45
9,122,158,0.29
9,12,947,0
9,46,96,0.04
9,62,0,0
9,64,955,0
9,65,31,0
9,66,32,0
9,105,88,0.06
9,106,16,0.01
9,107,346,0.23
9,123,8,0.01
10,11,82,0
10,44,230,0.09
10,51,0,0
10,52,1113,1.18
10,63,748,8.14
10,64,593,0
10,65,2887,0
10,104,25,0.02
10,106,40,0.03
10,41,1769,0
10,43,1,0
10,66,313,0
10,82,143,0
10,84,0,0
10,126,0,0
11,41,676,3.17
11,42,24,0.11
11,43,2184,10.24
11,45,104,0
11,51,123,3.17
11,52,2003,51.58
11,81,102,0
11,82,425,0
11,84,0,0
11,124,57,0
11,126,309,0
11,127,0,0
11,44,36,0
11,50,168,4.33
11,64,0,0
11,93,115,0
11,112,0,0
11,113,62,0
12,39,0,0
12,43,313,1.47
12,50,428,11.02
12,65,88,4.01
12,66,543,24.72
12,93,385,0
12,113,180,0
12,0,1,0
12,46,92,0
12,117,45,0
13,46,132,0
13,57,0,0
13,78,2222,0
13,79,509,0
13,83,1652,0
13,84,237,0
13,96,55,0
13,104,92,4.73
13,105,151,7.76
13,114,414,0
13,124,523,0
13,45,225,0
13,93,0,0
13,94,1,0
13,95,228,0
13,108,390,20.03
13,115,60,0
13,127,0,0
14,45,1516,0
14,46,158,0
14,50,268,6.9
14,57,323,0
14,58,423,0
14,79,113,0
14,80,616,0
14,81,243,0
14,93,105,0
14,96,20,0
14,97,60,0
14,108,176,9.05
14,109,301,0
14,110,0,0
14,127,208,0
14,5,289,0
14,6,242,0
14,65,160,7.28
14,117,60,0
14,125,51,0
15,5,339,0
15,107,0,0
15,108,398,20.44
15,109,0,0
15,110,102,0
15,4,121,0
15,81,184,0
15,117,115,0
16,3,940,3.49
16,4,431,0
16,5,97,0
16,45,206,0
16,46,312,0
16,48,511,0
16,91,0,0
16,106,434,0
16,107,551,0
16,32,287,0
16,42,188,0.54
16,90,0,0
16,92,0,0
17,1,47,0.17
17,3,1832,6.79
17,4,516,0
17,5,91,0
17,32,17,0
17,40,791,2.27
17,41,2020,5.81
17,42,213,0.61
17,43,2049,5.91
17,107,131,0
17,109,184,6
17,118,50,0
17,121,337,0.58
17,125,260,0
17,126,56,0
17,127,7,0
17,2,1851,6.87
17,13,65,0
17,39,618,1.78
17,49,138,0
18,1,96,0.36
18,2,3620,13.43
18,3,2499,9.27
18,4,752,0
18,33,331,0
18,39,419,1.21
18,41,730,2.1
18,42,666,1.92
18,43,20,0.06
18,63,421,0
18,64,279,0.14
18,126,46,0
18,0,212,0.78
18,5,54,0
18,118,0,0
19,0,414,1.53
19,2,187,0.69
19,3,580,2.15
19,4,642,0
19,39,715,2.06
19,68,589,0.29
19,118,0,0
19,119,207,0.36
19,121,8,0.01
19,122,26,0.04
19,123,0,0
19,124,113,0
19,41,259,0.75
19,49,0,0
19,67,83,0.04
20,3,1947,7.22
20,5,162,0
20,34,15,0
20,67,351,0.17
20,68,739,0.36
20,69,123,0
20,83,218,0
20,124,98,0
20,2,63,0.23
20,4,471,0
20,53,397,0
20,104,48,0
20,123,0,0
20,125,23,0
21,2,479,0.96
21,3,2217,4.46
21,4,524,1.04
21,41,280,0
21,52,97,0
21,53,174,0
21,99,0,0
21,101,1095,2.78
21,103,124,0.31
21,123,0,0
21,34,0,0
21,35,0,0
21,100,53,0.13
21,102,903,2.29
21,107,62,0
21,122,0,0
22,2,3222,6.5
22,3,1087,2.19
22,35,345,0
22,36,952,0
22,41,580,0
22,50,1638,0
22,68,337,0
22,98,261,0
22,101,400,1.01
22,102,174,0.44
22,103,146,0.37
22,122,21,0
22,4,25,0.05
22,34,782,0
22,67,191,0
22,99,391,0.99
23,2,2769,5.58
23,3,4236,8.53
23,4,2414,4.81
23,18,0,0
23,34,8,0
23,35,52,0
23,61,109,0
23,66,99,0
23,67,14,0
23,127,103,0
23,59,23,0
23,62,0,0
23,68,0,0
24,2,537,1.08
24,3,3583,7.22
24,4,5400,10.76
24,5,846,1.69
24,36,150,0
24,61,283,0
24,112,747,0
24,113,567,0
24,115,418,0
24,124,328,0
24,125,18,0
24,26,38,0
24,27,0,0
24,114,208,0
25,2,2510,5.06
25,3,3519,7.08
25,4,1199,2.39
25,5,354,0.71
25,6,462,0.92
25,27,0,0
25,66,56,0
25,69,275,0
25,100,117,0.3
25,7,312,0.62
25,8,0,0
25,70,93,0
25,102,0,0
25,103,933,2.36
25,104,174,0
25,105,31,0
26,2,735,0.51
26,3,850,0.6
26,41,7,0
26,66,315,0.63
26,70,449,3.57
26,102,466,0.22
26,103,1272,0.59
26,104,48,0
26,105,341,0
26,106,55,0
26,124,20,0
26,27,78,0.09
26,40,131,0
26,69,31,0.25
26,90,4,0.02
26,91,71,0.39
26,98,366,0.3
26,99,0,0
26,114,91,0
27,27,579,0.68
27,28,2463,2.88
27,29,2573,14.74
27,40,264,0
27,85,0,0
27,91,0,0
27,92,88,0.48
27,101,804,0.37
27,102,1442,0.68
27,103,108,0.05
27,114,60,0
27,2,396,0.28
27,70,55,0.44
27,72,274,2.18
27,99,421,0.2
27,100,393,0.19
27,104,0,0
28,3,237,0.17
28,27,4,0
28,28,1148,1.34
28,29,1172,6.71
28,40,0,0
28,70,244,1.94
28,72,830,6.59
28,86,264,0
28,92,344,1.88
28,100,2053,0.97
28,101,195,0.09
28,102,123,0.06
28,104,0,0
28,105,0,0
28,107,42,0
28,2,33,0.02
28,11,620,0
28,44,566,0
28,45,17,0
28,68,0,0
28,69,81,0.64
28,71,76,0.6
28,73,27,0.21
28,99,249,0.12
29,2,203,0.14
29,3,411,0.29
29,11,22,0
29,20,0,0
29,63,198,0
29,68,821,1.63
29,69,198,1.57
29,92,278,1.52
29,99,648,0.31
29,101,0,0
29,104,168,0
29,121,276,0
29,19,79,0
29,41,50,0
29,42,117,0
29,67,591,1.17
29,91,52,0.28
29,98,225,0.19
29,105,184,0
29,120,11,0
30,41,14,0
30,42,37,0
30,67,216,0.43
30,68,72,0.14
30,91,183,1
30,93,2816,15.4
30,94,2592,2.14
30,95,164,0.14
30,98,269,0.22
30,105,142,0
30,32,2,0.01
30,33,96,0.55
30,52,39,0
30,53,221,0
30,55,22,0
30,74,301,1
30,90,226,1.23
30,92,879,4.81
30,99,318,0.15
31,2,329,0
31,52,2730,3.55
31,53,328,0.42
31,54,97,0
31,55,162,0
31,67,0,0
31,68,101,0
31,92,200,0
31,93,1142,0
31,94,1044,0
31,61,80,0
31,62,0,0
31,82,174,0
31,83,515,0
31,85,0,0
32,1,1158,0
32,33,73,0
32,34,463,0.25
32,52,22,0.03
32,68,0,0
32,80,0,0
32,114,8,0
32,0,19,0
32,74,160,0
32,75,0,0
33,6,872,0
33,12,900,0
33,13,241,0
33,18,0,0
33,20,0,0
33,34,127,0.07
33,39,0,0
33,47,0,0
33,68,0,0
33,74,0,0
33,75,0,0
33,1,101,0
33,5,485,0
33,114,31,0
34,1,137,0
34,6,0,0
34,74,0,0
34,76,536,0
34,77,1564,0
34,78,2031,0
34,81,198,0
34,82,249,0
34,84,461,2.74
34,7,167,0
34,50,0,0
34,79,0,0
34,85,382,2.27
35,38,1233,0.68
35,79,158,0
35,81,590,0
35,12,25,0
35,24,169,0
35,39,889,6
35,55,0,0
36,4,1358,6.22
36,5,444,2.04
36,28,2,0
36,38,22,0
36,39,26,0
36,40,103,0
36,75,0,0
37,4,109,0.5
37,26,376,0
37,49,372,0.58
37,60,424,0
37,61,1250,0
37,84,0,0
37,6,87,0.4
37,27,215,0
38,3,174,0
38,4,3522,16.15
38,5,1398,6.41
38,19,827,0
38,39,0,0
38,49,276,0.43
38,61,1171,0
38,0,36,0
38,1,8,0
38,2,9,0
38,20,759,0
38,27,143,0
39,0,0,0
39,4,1640,7.51
39,5,169,0.77
39,20,46,0
39,39,173,0
39,61,442,0
39,62,136,0
39,106,79,0
39,6,30,0.14
39,19,39,0
39,36,125,0
39,51,0,0
40,5,366,1.68
40,6,474,2.18
40,51,0,0
40,0,50,0
40,3,115,0
40,38,71,0
41,0,731,0
41,40,267,0
41,5,69,0
42,0,0,0
42,5,1006,0
42,39,285,0
42,40,288,0
42,77,19,0
42,32,62,0
42,54,0,0
43,0,0,0
43,1,0,0
43,5,823,0
43,39,78,0
43,17,0,0
43,56,94,0
43,84,0,0
44,1,135,0
44,32,1455,0
44,56,267,0
44,31,40,0
45,0,20,0
45,36,2842,0
45,57,198,0
45,99,67,0
46,57,760,0
46,85,158,0
47,100,23,0
47,9,88,0
47,10,10,0
48,58,582,0
48,85,248,0
48,102,0,0
49,3,124,0
50,12,0,0
50,13,0,0
51,9,79,0.09
51,10,4,0
51,37,0,0
51,54,0,0
52,9,263,0.3
52,10,1387,1.59
52,36,108,0
52,37,3,0
52,109,56,0
52,11,282,0.32
52,86,527,0
52,87,192,0
53,10,304,0.35
53,11,287,0.33
53,32,5,0
53,34,0,0
53,72,60,0
54,20,0,0
54,71,194,0
54,75,128,0
55,20,0,0
55,71,64,0
55,112,0,0
56,52,0,0
56,117,57,1.35
56,118,697,16.56
56,27,0,0
56,114,37,0.88
56,116,35,0.83
57,113,351,0
57,114,1774,42.15
57,115,9527,226.38
57,116,469,11.14
57,117,47,1.12
57,118,328,7.8
57,13,584,1.71
57,119,37,0
58,13,442,1.29
58,29,5,0
58,30,25,0
58,109,105,0
58,115,15555,369.61
58,116,14280,339.31
58,117,11622,276.15
58,118,366,8.69
58,70,66,0
58,114,52,1.24
58,119,57,0
59,27,75,0.25
59,31,4,0
59,114,2024,48.1
59,115,11971,284.44
59,116,8133,193.25
59,117,3383,80.38
59,118,14,0.33
59,29,29,0
59,36,295,0
59,98,37,0
59,105,4,0
59,106,31,0
60,27,149,0.49
60,28,78,0.26
60,29,129,0
60,36,198,0
60,37,300,0
60,46,44,0
60,100,248,0
60,104,142,0
60,107,199,0
60,116,114,2.71
60,99,38,0
60,101,124,0
60,102,36,0
60,103,141,0
60,105,163,0
60,106,133,0
60,108,20,0
60,117,108,2.57
61,34,333,0
61,35,334,0
61,36,52,0
61,37,1309,0
61,38,266,0
61,39,1013,4
61,54,0,0
61,98,37,0
61,99,139,0
61,100,6,0
61,101,48,0
61,102,307,0
61,103,103,0
61,104,61,0
61,105,234,0
61,106,0,0
61,121,105,0
61,15,88,0
61,29,0,0
61,33,93,0
61,118,212,0
61,123,0,0
61,124,0,0
62,9,0,0
62,10,0,0
62,14,44,0
62,15,225,0
62,33,568,0
62,34,608,0
62,35,468,0
62,36,635,0
62,37,1127,0
62,38,1348,0
62,83,32,0
62,84,119,0
62,86,535,0
62,102,141,0
62,104,0,0
62,105,26,0
62,118,4,0
62,120,404,0
62,30,112,0
62,32,294,0
62,101,4,0
63,32,81,0
63,34,73,0
63,35,1009,0
63,37,796,0
63,101,54,0
63,36,269,0
63,86,18,0
63,87,51,0
63,122,27,0
64,35,600,0
64,36,729,0
64,37,721,0
64,83,13,0
64,119,0,0
64,120,142,0
64,122,204,0
64,54,162,0
64,84,431,0
64,113,20,0
64,123,82,0
65,58,0,0
65,72,38,0
65,81,340,0
65,82,41,0
65,123,1100,0
65,124,1163,0
66,31,50,0.11
66,35,121,0
66,124,150,0
66,8,0,0
66,36,74,0
67,8,47,0.03
67,23,240,0
67,31,76,0.17
67,32,4,0.01
67,33,33,0.07
67,81,76,0
67,82,23,0
67,99,321,0
67,124,313,0
67,7,0,0
67,36,136,0
67,95,56,0
67,123,125,0
67,125,43,0
68,29,96,0.21
68,30,128,0.28
68,32,449,0.99
68,33,122,0.28
68,36,622,0
68,95,92,0
68,123,323,0
68,125,92,0
68,31,80,0.18
68,34,43,0
68,97,55,0
68,98,6,0
68,101,139,0
68,124,0,0
68,126,100,0
69,29,432,0.96
69,30,360,0.79
69,31,89,0.2
69,34,429,0
69,36,42,0
69,81,504,0
69,97,44,0
69,123,46,0
69,124,351,0
69,125,445,0
69,126,37,0
69,28,61,0
69,82,523,0
70,7,1155,0.84
70,10,456,4.25
70,11,401,3.74
70,20,41,0
70,27,58,0
70,28,155,0
70,29,75,0.16
70,30,465,1.03
70,32,160,0.35
70,34,59,0
70,82,305,0
70,125,31,0
70,6,170,0.12
70,31,7,0.02
70,33,90,0.2
70,35,587,0
71,5,0,0
71,6,490,1.03
71,7,936,1.97
71,10,629,0
71,26,286,0
71,27,269,0
71,28,246,0
71,29,267,0
71,30,0,0
71,31,30,0
71,32,88,0
71,33,124,0
71,35,479,12
71,119,0,0
71,125,670,0
71,2,190,0
71,9,6,0
71,120,37,0
71,122,6,0
71,123,36,0
72,2,179,0
72,3,350,0
72,10,318,0
72,26,421,0
72,27,355,0
72,28,589,0
72,31,188,0
72,32,48,0
72,68,12,0
72,120,13,0
72,123,193,0
72,122,105,0
73,3,587,0
73,10,138,0
73,21,185,0
73,26,77,0
73,27,65,0
73,28,442,0
73,29,5,0
73,30,175,0
73,31,568,0
73,58,0,0
73,122,120,0
73,2,201,0
74,2,365,0
74,3,1023,0
74,26,24,0
74,27,265,0
74,28,92,0
74,29,45,0
74,30,657,0
74,31,418,0
74,50,124,0
74,125,51,0
75,16,53,0
75,19,66,0
75,29,16,0
75,125,57,0
75,26,80,0
75,48,209,2
75,82,0,0
75,126,379,0
76,19,137,0
76,20,38,0
76,28,1101,2.13
76,29,730,0
76,30,205,0
76,45,128,0
76,47,112,0
76,84,307,0
76,85,508,0
76,1,54,0.08
76,15,133,0
76,16,158,0
76,48,137,0
76,117,130,0
76,126,98,0
76,127,111,0
77,0,935,1.36
77,1,1009,1.47
77,3,710,1.04
77,35,149,0
77,46,98,0
77,48,50,0
77,28,748,1.44
77,45,12,0
77,54,91,0
77,63,55,0
78,0,531,0.78
78,1,419,0.61
78,2,665,0.97
78,3,756,1.1
78,15,341,0
78,27,183,0.36
78,28,3127,6.04
78,29,375,0
78,34,0,0
78,45,156,0
78,47,89,0
78,54,155,0
78,126,106,0
78,127,132,0
78,26,12,0.02
78,44,70,0
79,26,54,0.1
79,27,66,0.13
79,28,757,1.46
79,29,0,0
79,44,45,0
79,47,292,0
79,123,0,0
79,127,166,0
79,17,198,0
79,18,29,0
79,25,0,0
79,34,34,0
79,35,104,0
79,45,111,0
80,15,93,0
80,18,459,0
80,25,455,0.88
80,26,0,0
80,27,1252,2.42
80,30,58,0
80,44,131,0
80,46,112,0
80,47,236,0
81,23,37,0.31
81,27,1218,0
81,33,0,0
81,43,98,0.07
81,47,369,0.7
81,104,29,0
81,39,7,0.01
81,44,79,0.15
81,46,386,0.74
81,48,141,0.27
82,42,233,0.18
82,44,94,0.18
82,46,174,0.33
82,47,230,0.44
82,48,446,0.86
82,26,475,0
82,32,0,0
82,36,263,0
82,45,47,0.09
82,116,0,0
83,26,220,0
83,36,15,0
83,39,1124,0.86
83,40,949,0.72
83,41,103,0.08
83,44,98,0.19
83,45,75,0.14
83,47,389,0.74
83,48,369,0.71
83,51,117,0.05
83,116,0,0
83,124,0,0
83,125,0,0
83,25,337,0
83,49,108,0.04
83,50,0,0
83,115,0,0
84,25,391,0
84,26,507,0
84,29,374,0
84,32,0,0
84,38,588,0
84,39,908,0.7
84,48,205,0.39
84,50,283,0.12
84,106,111,0
84,115,0,0
84,31,0,0
84,37,142,0
84,49,103,0.04
84,51,180,0.07
84,52,206,0.08
84,118,0,0
85,20,322,2.69
85,37,181,0
85,38,14,0
85,39,500,0.38
85,50,23,0.01
85,51,170,0.07
85,52,352,0.14
85,53,786,0.33
85,117,142,0
85,25,324,0
85,28,74,0
85,46,21,0.04
85,49,123,0.05
85,66,0,0
85,85,59,0
86,2,0,0
86,24,80,0.19
86,26,0,0
86,28,870,2.06
86,38,1101,6.14
86,39,406,0
86,47,237,1.12
86,48,600,2.85
86,49,136,0
86,52,159,0
86,116,57,0
86,117,0,0
86,27,736,1.74
86,31,24,0
86,32,81,0
86,33,0,0
86,46,351,1.66
86,51,294,0
87,25,479,1.14
87,27,253,0.6
87,28,151,0.36
87,33,0,0
87,38,1428,7.97
87,43,0,0
87,44,15,0.07
87,45,37,0.18
87,46,1542,7.31
87,48,637,3.02
87,49,162,0
87,52,103,0
87,53,281,0
87,54,193,1.21
87,81,146,0
87,26,213,0.51
87,37,137,0.76
87,117,0,0
87,118,0,0
88,25,860,2.04
88,27,178,0.43
88,31,0,0
88,32,0,0
88,47,1899,9
88,48,352,1.67
88,22,175,0
88,37,77,0.43
88,45,133,0.63
88,46,282,1.34
88,55,221,1.38
89,22,399,0
89,23,253,0
89,24,0,0
89,25,566,1.34
89,26,107,0.25
89,35,242,1.35
89,37,935,5.22
89,45,522,2.47
89,46,357,1.69
89,47,249,1.18
89,55,65,0.41
89,96,35,0
89,13,355,0
89,14,58,5.33
89,31,14,0
89,86,47,0
90,13,395,0
90,23,177,0
90,24,1245,2.95
90,25,25,0.06
90,27,136,0.32
90,35,28,0.16
90,48,167,0.79
90,6,0,0
90,16,40,3.67
90,34,173,0.97
90,52,33,0
90,108,0,0
91,12,72,0
91,21,129,0
91,23,1153,0
91,24,1190,1.97
91,32,218,0
91,38,212,0
91,121,0,0
91,122,112,1.69
91,123,835,12.57
91,124,690,0
91,125,235,0
91,14,89,0
91,15,138,0
91,16,62,0
91,25,252,0.42
91,33,125,0
91,35,202,0
91,36,124,0
91,90,20,0
91,106,33,0
92,14,52,0
92,15,487,0
92,16,56,0
92,23,1696,0
92,24,118,0.19
92,25,676,1.11
92,26,0,0
92,27,0,0
92,36,78,0
92,37,0,0
92,90,0,0
92,116,11,0
92,118,91,0
92,120,1138,17.14
92,122,343,5.17
92,123,1280,19.27
92,124,162,0
92,19,8,0
92,22,425,0
92,33,21,0
92,34,74,0
92,35,11,0
92,39,146,0.31
92,115,0,0
93,14,476,0
93,18,153,0
93,19,717,0
93,22,355,0
93,23,449,0
93,25,330,0.55
93,33,109,0
93,42,143,0.3
93,109,0,0
93,116,244,0
93,118,0,0
93,120,658,9.9
93,121,887,13.34
93,122,173,2.6
93,123,193,2.91
93,15,154,0
93,16,43,0
93,27,0,0
93,115,0,0
94,12,81,0
94,13,527,0
94,14,354,0
94,15,336,0
94,16,60,0
94,18,331,0
94,19,584,0
94,21,128,0
94,25,221,0.36
94,26,777,1.29
94,27,715,1.18
94,61,102,0
94,116,514,0
94,117,691,0
94,120,612,9.21
94,121,1560,23.48
94,122,1333,20.06
94,123,765,11.51
94,11,0,0
94,20,0,0
94,42,0,0
94,43,0,0
94,118,23,0
94,119,0,0
95,12,130,0
95,14,730,0
95,15,201,0
95,16,455,0
95,17,516,0
95,18,851,0
95,19,845,0
95,20,351,0
95,21,1639,0
95,26,417,0.69
95,27,1974,3.25
95,28,565,0.94
95,37,0,0
95,41,178,0.38
95,57,0,0
95,58,0,0
95,107,3,0
95,108,95,0
95,116,278,0
95,119,407,6.13
95,121,1470,22.13
95,122,1285,19.35
95,123,95,1.43
95,25,39,0.06
95,120,8,0.12
96,13,250,0
96,14,111,1.8
96,15,379,6.16
96,16,353,5.75
96,17,529,8.61
96,18,1293,21.04
96,19,669,5.38
96,20,0,0
96,25,168,2.49
96,26,268,3.97
96,27,916,13.57
96,28,1142,16.91
96,31,0,0
96,109,0,0
96,120,401,2.11
96,121,571,3
96,122,1247,6.55
96,123,63,0.33
96,124,0,0
96,4,37,0
96,11,193,0
96,35,155,0
96,101,65,0
96,116,340,0
97,3,68,0
97,4,153,0
97,12,27,0
97,13,102,0
97,14,448,7.29
97,15,73,1.19
97,17,862,14.03
97,18,1781,28.98
97,19,1252,10.07
97,20,313,2.52
97,23,284,2.28
97,24,286,4.24
97,25,170,2.52
97,26,268,3.97
97,27,128,1.9
97,28,1,0.01
97,34,222,0
97,116,328,0
97,121,2,0.01
97,2,64,0
97,16,623,10.14
97,21,79,0.64
97,29,0,0
97,31,109,0
97,49,21,0
97,125,33,0
98,2,641,0
98,4,60,0
98,14,24,0.39
98,16,323,5.26
98,17,228,3.71
98,18,448,7.29
98,19,1032,8.29
98,22,560,4.5
98,23,516,4.15
98,24,694,10.27
98,26,67,0.99
98,27,263,3.9
98,78,177,0
98,88,99,0
98,3,345,0
98,15,711,11.57
98,21,432,3.47
98,25,176,2.61
99,1,167,0
99,2,301,0
99,3,0,0
99,15,2712,44.14
99,16,1540,25.07
99,17,2566,41.77
99,18,907,14.76
99,19,981,7.89
99,21,1228,9.87
99,22,444,3.57
99,23,679,5.46
99,24,354,5.24
99,25,227,3.36
99,26,486,7.19
99,27,934,13.83
99,28,398,5.89
99,30,67,0
99,13,150,0
99,14,0,0
99,20,246,1.98
99,80,40,0
99,89,36,0
100,0,636,0
100,3,52,0
100,8,172,0
100,9,123,0
100,14,99,1.61
100,15,3910,63.64
100,16,4573,74.43
100,17,2664,43.35
100,19,8,0.06
100,20,2511,20.19
100,21,625,5.02
100,22,793,6.38
100,23,657,5.28
100,25,781,11.57
100,26,95,1.41
100,27,222,3.29
100,28,26,0.39
100,6,33,0
100,13,331,0
100,24,303,4.49
100,34,79,0
100,64,253,0
100,65,157,0
100,100,117,0
101,2,35,0
101,3,156,0
101,12,628,17.76
101,13,7446,210.51
101,14,3718,103.06
101,15,6447,178.7
101,16,7787,215.86
101,17,2062,57.16
101,20,307,7.61
101,22,1950,48.35
101,23,1263,31.33
101,24,45,0.38
101,25,126,1.06
101,34,877,0
101,35,0,0
101,77,34,0
101,82,0,0
101,100,114,0
101,0,284,0
101,8,148,0.33
101,10,1203,34.01
101,11,1907,53.91
101,21,1047,25.96
101,81,446,0
101,86,36,0
101,96,0,0
102,8,49,0.11
102,9,1105,31.24
102,10,6702,189.48
102,11,13468,380.77
102,12,14000,395.8
102,13,9806,277.23
102,14,3883,107.63
102,15,9987,276.83
102,16,8004,221.87
102,17,2234,61.93
102,19,705,17.49
102,20,443,10.99
102,21,5757,142.76
102,22,2933,72.73
102,23,1184,29.36
102,24,559,4.68
102,25,301,2.52
102,86,6,0
102,96,0,0
102,2,87,0
102,4,66,0.14
102,42,53,0
102,77,0,0
102,78,0,0
102,87,248,0
102,97,19,0
103,8,122,0.27
103,9,1951,55.15
103,10,11940,337.56
103,11,17166,485.3
103,12,15722,444.47
103,13,17166,485.31
103,14,8124,225.19
103,15,14618,405.2
103,16,12935,358.55
103,17,4324,119.86
103,18,2305,63.89
103,19,979,24.28
103,20,1938,48.05
103,21,3632,90.07
103,22,2010,49.86
103,23,508,12.59
103,24,920,7.72
103,84,251,0
103,87,142,0
103,1,0,0
103,4,38,0.09
103,6,0,0
103,25,64,0.54
103,99,25,0
104,5,0,0
104,9,7254,205.08
104,10,11235,317.64
104,11,14058,397.44
104,12,15483,437.73
104,13,9828,277.84
104,14,9990,276.92
104,15,13322,369.27
104,16,11725,325.01
104,17,11184,310.01
104,18,3358,93.09
104,19,2110,52.33
104,20,2590,64.23
104,21,5867,145.5
104,22,1496,37.1
104,23,391,9.7
104,41,48,0
104,42,67,0
104,54,54,0
104,84,60,0
104,88,112,0
104,121,219,0
104,0,133,0
104,7,0,0
104,28,122,1.02
104,76,467,0
105,0,637,0
105,9,594,16.79
105,10,10807,305.52
105,11,13735,388.31
105,12,15102,426.96
105,13,19317,546.12
105,14,15353,425.57
105,15,9137,253.27
105,16,8800,243.93
105,17,6208,172.09
105,18,5415,150.11
105,19,2051,50.86
105,20,1727,42.82
105,21,7156,177.47
105,22,3879,96.2
105,25,488,4.09
105,26,406,3.41
105,76,210,0
105,89,295,0
105,1,302,0
105,4,1,0
105,5,33,0.07
105,23,54,1.34
105,27,137,1.15
105,28,52,0.44
105,29,126,0
105,49,13,0
105,99,50,0
106,0,102,0
106,1,235,0
106,2,307,0
106,3,227,0
106,10,2209,46.25
106,11,8125,170.11
106,12,16046,335.96
106,13,12802,268.04
106,14,5127,163.23
106,15,2159,68.73
106,16,1070,34.07
106,17,1935,61.61
106,18,5208,165.81
106,19,676,5.64
106,20,2027,16.9
106,21,2398,19.99
106,22,1734,14.46
106,25,417,0.58
106,26,190,0.27
106,28,380,0.53
106,5,101,0
106,6,264,0
106,8,457,0
106,9,288,6.03
106,27,119,0.16
106,29,124,0
107,5,174,0
107,7,422,0
107,8,230,0
107,10,0,0
107,11,2256,47.24
107,12,1776,37.18
107,13,3565,74.64
107,14,2234,71.13
107,17,64,2.04
107,18,922,29.36
107,20,1105,9.21
107,21,891,7.43
107,23,1060,8.83
107,24,456,0.64
107,25,376,0.52
107,27,486,0.67
107,29,3,0
107,30,474,0
107,94,41,0
107,9,0,0
107,16,0,0
107,19,340,2.83
107,22,556,4.63
107,26,90,0.12
107,28,384,0.54
107,83,136,0
108,0,46,0
108,1,291,0
108,4,36,0
108,7,0,0
108,9,0,0
108,10,7,0.15
108,11,35,0.74
108,12,80,1.67
108,14,321,10.22
108,15,542,17.25
108,16,0,0
108,17,632,20.13
108,19,5414,45.14
108,20,11380,94.87
108,21,2623,21.87
108,22,580,4.84
108,23,89,0.74
108,24,292,0.41
108,25,73,0.1
108,26,102,0.14
108,27,197,0.27
108,29,424,0
108,30,0,0
108,83,232,0
108,107,272,0
108,108,0,0
108,5,65,0
108,18,175,5.57
108,28,69,0.1
108,37,82,1.4
109,14,123,3.92
109,15,370,11.77
109,16,78,2.48
109,17,573,18.24
109,18,394,12.54
109,19,161,1.34
109,20,2385,19.88
109,21,468,3.91
109,22,39,0.33
109,23,232,1.93
109,24,41,0.06
109,25,224,0.31
109,26,73,0.1
109,28,248,0.34
109,29,694,0
109,52,0,0
109,87,28,0
109,27,0,0
109,33,198,0
109,34,145,2.47
109,51,0,0
109,98,241,0
110,2,0,0
110,15,0,0
110,16,199,6.34
110,17,138,4.39
110,18,68,2.16
110,20,544,4.54
110,21,0,0
110,22,187,1.56
110,23,19,0.16
110,24,81,0.11
110,30,20,0
110,33,85,0
110,34,8,0.14
110,39,76,0
110,52,0,0
110,98,126,0
110,106,21,0
111,16,0,0
111,17,59,0.73
111,18,1388,17.34
111,19,304,0
111,20,0,0
111,21,253,0
111,22,469,0
111,24,654,12.79
111,9,197,0
111,23,416,0
111,73,0,0
111,97,67,0
112,16,0,0
112,17,7,0.09
112,18,335,4.19
112,19,568,0
112,20,0,0
112,22,418,0
112,23,287,0
112,28,0,0
112,100,0,0
112,75,0,0
112,98,0,0
112,99,0,0
113,16,151,1.89
113,20,0,0
113,22,110,0
113,23,314,0
113,75,0,0
113,98,17,0
113,99,499,0
113,100,10,0
113,2,0,0
114,10,83,0
114,21,0,0
114,22,0,0
114,23,511,0
114,24,525,10.27
114,11,0,0
114,12,212,0
114,95,0,0
114,100,56,0
114,106,7,0
115,10,0,0
115,23,236,0
115,24,257,5.02
115,97,294,0
115,106,174,0
115,108,0,0
115,16,61,0.76
115,20,193,0
115,21,0,0
115,25,87,1.7
115,26,75,1.47
115,28,89,1.74
115,31,0,0
115,33,90,0
115,61,76,0
115,62,250,0
115,99,27,0
115,105,68,0
115,120,0,0
116,14,0,0
116,20,24,0.04
116,21,105,0.19
116,23,0,0
116,24,54,0
116,25,484,0
116,26,137,0
116,32,0,0
116,87,23,0
116,96,0,0
116,104,730,6.95
116,105,978,9.31
116,106,961,9.16
116,120,0,0
116,22,0,0
116,27,157,0
116,94,19,0
116,103,11,0
116,107,322,3.07
117,23,107,0.2
117,24,221,0
117,25,369,0
117,26,66,0
117,28,430,0
117,35,0,0
117,36,0,0
117,104,3475,33.09
117,105,1093,10.41
117,106,1932,18.4
117,108,202,1.93
117,9,29,0
117,17,251,0
117,20,46,0.08
117,29,0,0
118,9,354,0
118,14,10,0
118,17,110,0
118,18,202,0
118,22,0,0
118,24,208,0
118,25,145,0
118,29,212,0
118,46,63,0
118,99,14,0
118,104,7922,75.42
118,105,2670,25.42
118,106,3373,32.11
118,19,34,0.06
118,20,0,0
118,23,43,0.07
118,30,0,0
118,45,24,0
118,122,26,0
118,125,0,0
119,17,110,0
119,20,184,0.34
119,23,54,0.1
119,25,0,0
119,29,98,0
119,30,0,0
119,48,106,0
119,103,321,0
119,104,6835,65.08
119,105,5290,50.36
119,106,4280,40.74
119,19,133,0.24
119,22,62,0.11
119,24,52,0
119,43,99,0
119,45,91,0
119,87,35,0
119,98,45,0
120,2,0,0
120,7,82,0
120,17,34,0
120,18,173,0
120,19,0,0
120,20,0,0
120,22,39,0.07
120,23,216,0.4
120,25,0,0
120,26,0,0
120,28,71,0
120,29,169,0
120,30,181,0
120,32,0,0
120,101,0,0
120,103,106,0
120,104,13474,128.29
120,105,5029,47.88
120,106,2432,23.16
120,107,26,0.25
120,121,0,0
120,6,233,0
120,8,142,0
120,21,40,0.07
120,24,98,0
120,31,0,0
120,43,0,0
120,100,0,0
120,110,34,0
121,0,0,0
121,2,0,0
121,18,36,0
121,21,48,0
121,23,121,0
121,24,0,0
121,25,101,0
121,26,42,0
121,27,0,0
121,28,272,0
121,29,145,0
121,31,293,0
121,52,725,0.24
121,53,803,0.26
121,101,32,0.22
121,103,7747,52.57
121,104,13042,134.39
121,105,3366,34.69
121,106,701,7.22
121,108,71,0.73
121,124,66,0
121,125,4,0
121,17,57,0
121,22,25,0
121,30,0,0
121,35,0,0
121,44,0,0
121,102,338,2.29
122,17,395,0
122,18,326,0
122,19,230,0
122,20,192,0
122,21,90,0
122,22,48,0
122,23,153,0
122,25,51,0
122,26,70,0
122,27,0,0
122,28,100,0
122,29,422,0
122,30,318,0
122,31,185,0
122,35,56,0
122,42,57,0
122,52,1098,0.36
122,53,1166,0.38
122,54,1734,0
122,102,380,2.58
122,103,1068,7.25
122,104,11928,122.91
122,105,1501,15.47
122,106,408,4.21
122,109,126,0
122,122,61,0
122,15,150,0
122,24,0,0
122,32,74,0
122,36,0,0
122,41,23,0
122,55,149,0
122,94,0,0
122,101,0,0
122,108,240,2.47
123,14,0,0
123,15,281,0
123,16,120,0
123,18,0,0
123,19,1,0
123,20,34,0
123,21,50,0
123,24,0,0
123,26,0,0
123,27,127,0
123,28,190,0
123,29,344,0
123,30,138,0
123,31,172,0
123,35,165,0
123,40,41,0
123,42,23,0
123,51,1545,0.51
123,52,2181,0.71
123,53,3533,1.16
123,54,1871,0
123,55,499,0
123,102,115,0.79
123,103,1464,9.94
123,104,6271,64.62
123,105,247,2.55
123,108,387,3.99
123,111,52,0
123,113,23,0
123,122,39,0
123,124,94,0
123,125,117,0
123,17,59,0
123,23,42,0
123,33,0,0
123,34,110,0
123,36,85,0
123,50,843,0.27
123,101,18,0.12
123,107,2,0.02
123,109,189,0
123,118,0,0
123,127,72,0
124,16,21,0
124,19,183,0
124,20,0,0
124,21,43,0
124,22,0,0
124,23,0,0
124,24,0,0
124,27,98,0
124,28,0,0
124,29,0,0
124,30,71,0
124,31,212,0
124,32,315,0
124,35,0,0
124,36,335,0
124,39,0,0
124,40,46,0
124,50,1205,0.39
124,51,2385,0.79
124,52,1571,0.52
124,53,3067,1.01
124,54,806,0
124,103,1463,9.93
124,104,1577,16.25
124,108,21,0.22
124,109,152,0
124,111,29,0
124,112,42,0
124,119,1,0
124,120,21,0
124,125,0,0
124,0,32,0.08
124,1,0,0
124,17,116,0
124,18,97,0
124,33,0,0
124,34,0,0
124,101,14,0.1
124,102,1,0.01
124,105,133,1.37
124,107,46,0.47
124,117,58,0
124,118,46,0
124,123,6,0
124,127,0,0
125,0,3459,8.63
125,1,0,0
125,10,52,0
125,16,32,0
125,17,210,0
125,18,51,0
125,19,92,0
125,22,52,0
125,26,0,0
125,27,107,0
125,28,323,0
125,29,194,0
125,33,399,0
125,35,0,0
125,36,81,0
125,37,24,0
125,40,103,0
125,41,88,0
125,50,224,0.07
125,51,968,0.32
125,53,89,0.03
125,100,44,0.3
125,101,75,0.51
125,102,59,0.4
125,103,0,0
125,104,165,1.69
125,108,169,1.74
125,109,16,0
125,111,222,0
125,112,27,0
125,113,38,0
125,117,67,0
125,121,0,0
125,122,0,0
125,123,183,0
125,127,344,0
125,20,37,0
125,21,0,0
125,23,0,0
125,25,0,0
125,31,67,0
125,34,38,0
125,95,0,0
125,98,88,0
125,106,0,0
125,110,21,0
125,118,0,0
126,0,156,0
126,2,268,0
126,12,364,0
126,14,117,0
126,17,0,0
126,19,220,0
126,20,57,0
126,22,0,0
126,23,0,0
126,24,0,0
126,25,43,0
126,26,65,0
126,28,42,0
126,29,110,0
126,32,0,0
126,33,38,0
126,34,35,0
126,36,87,0
126,37,14,0
126,40,98,0
126,41,37,0
126,42,93,0
126,101,29,0
126,102,113,0
126,103,27,0
126,104,336,0
126,108,11,0
126,109,85,0
126,110,48,0
126,111,770,0
126,113,95,0
126,116,29,0.79
126,120,17,0
126,122,0,0
126,27,33,0
126,38,2,0
126,39,48,0
126,95,36,0
126,100,0,0
126,112,150,0
126,117,48,1.32
127,0,179,0
127,14,0,0
127,18,27,0
127,20,0,0
127,21,0,0
127,23,0,0
127,24,0,0
127,25,110,0
127,26,15,0
127,27,53,0
127,33,0,0
127,34,45,0
127,38,40,0
127,49,29,0
127,101,62,0
127,102,147,0
127,103,30,0
127,104,89,0
127,105,303,0
127,106,38,0
127,109,65,0
127,110,84,0
127,111,70,0
127,113,149,0
127,119,111,0
127,1,0,0
127,15,92,0
127,19,0,0
127,28,0,0
127,35,0,0
127,68,38,0
127,100,34,0
127,107,36,0
127,116,21,0.58
